      3016.56  1.15079e-15
      3019.74  4.86766e-16
      3022.92  4.80184e-16
      3026.10  9.48923e-16
      3029.28  9.84906e-16
      3032.46  1.08146e-15
      3035.65  1.29756e-15
      3038.83  9.94077e-16
      3042.01  1.14775e-15
      3045.19  1.13406e-15
      3048.37  1.40611e-15
      3051.55  1.26241e-15
      3054.73  1.01744e-15
      3057.92  1.19599e-15
      3061.10  1.50343e-15
      3064.28  1.51949e-15
      3067.46  1.59440e-15
      3070.64  1.52652e-15
      3073.82  1.36824e-15
      3077.01  1.62285e-15
      3080.19  1.86637e-15
      3083.37  1.62473e-15
      3086.55  1.82286e-15
      3089.73  1.79880e-15
      3092.91  1.86182e-15
      3096.09  1.91347e-15
      3099.28  1.98867e-15
      3102.46  1.83438e-15
      3105.64  1.81504e-15
      3108.82  1.84300e-15
      3112.00  2.11886e-15
      3115.18  2.09451e-15
      3118.36  2.10795e-15
      3121.55  2.01618e-15
      3124.73  2.12491e-15
      3127.91  2.05051e-15
      3131.09  2.08448e-15
      3134.27  2.10253e-15
      3137.45  2.06255e-15
      3140.63  2.05503e-15
      3143.82  1.93157e-15
      3147.00  1.91623e-15
      3150.18  1.85957e-15
      3153.36  1.93518e-15
      3156.54  1.96145e-15
      3159.72  1.84284e-15
      3162.91  1.66611e-15
      3166.09  1.67703e-15
      3169.27  1.67043e-15
      3172.45  1.62208e-15
      3175.63  1.60838e-15
      3178.81  1.64179e-15
      3181.99  1.61639e-15
      3185.18  1.51650e-15
      3188.36  1.42558e-15
      3191.54  1.37420e-15
      3194.72  1.29120e-15
      3197.90  1.29040e-15
      3201.08  1.33794e-15
      3204.26  1.28554e-15
      3207.45  1.32224e-15
      3210.63  1.23925e-15
      3213.81  1.21219e-15
      3216.99  1.22111e-15
      3220.17  1.16330e-15
      3223.35  1.16329e-15
      3226.53  1.20335e-15
      3229.72  1.17317e-15
      3232.90  1.25898e-15
      3236.08  1.23734e-15
      3239.26  1.23538e-15
      3242.44  1.19190e-15
      3245.62  1.20419e-15
      3248.80  1.15222e-15
      3251.99  1.20263e-15
      3255.17  1.23023e-15
      3258.35  1.29224e-15
      3261.53  1.29646e-15
      3264.71  1.29878e-15
      3267.89  1.26505e-15
      3271.07  1.24948e-15
      3274.26  1.27808e-15
      3277.44  1.29823e-15
      3280.62  1.27502e-15
      3283.80  1.29125e-15
      3286.98  1.43795e-15
      3290.16  1.42895e-15
      3293.35  1.42546e-15
      3296.53  1.49586e-15
      3299.71  1.45859e-15
      3302.89  1.45536e-15
      3306.07  1.41128e-15
      3309.25  1.51252e-15
      3312.43  1.51099e-15
      3315.62  1.51545e-15
      3318.80  1.56279e-15
      3321.98  1.58393e-15
      3325.16  1.63172e-15
      3328.34  1.71138e-15
      3331.52  1.70917e-15
      3334.70  1.74818e-15
      3337.89  1.75598e-15
      3341.07  1.74140e-15
      3344.25  1.76484e-15
      3347.43  1.86776e-15
      3350.61  1.97113e-15
      3353.79  1.99172e-15
      3356.97  2.12291e-15
      3360.16  2.11657e-15
      3363.34  2.15709e-15
      3366.52  2.23065e-15
      3369.70  2.20282e-15
      3372.88  2.25627e-15
      3376.06  2.20213e-15
      3379.25  2.28954e-15
      3382.43  2.30712e-15
      3385.61  2.32405e-15
      3388.79  2.30916e-15
      3391.97  2.32561e-15
      3395.15  2.28988e-15
      3398.33  2.24418e-15
      3401.52  2.19716e-15
      3404.70  2.27028e-15
      3407.88  2.23034e-15
      3411.06  2.23565e-15
      3414.24  2.32107e-15
      3417.42  2.33849e-15
      3420.60  2.42276e-15
      3423.79  2.41881e-15
      3426.97  2.40693e-15
      3430.15  2.48639e-15
      3433.33  2.49867e-15
      3436.51  2.52697e-15
      3439.69  2.60669e-15
      3442.87  2.64541e-15
      3446.06  2.63731e-15
      3449.24  2.69244e-15
      3452.42  2.70068e-15
      3455.60  2.76561e-15
      3458.78  2.83509e-15
      3461.96  2.91977e-15
      3465.15  2.91157e-15
      3468.33  3.03283e-15
      3471.51  3.10308e-15
      3474.69  3.10990e-15
      3477.87  3.24099e-15
      3481.05  3.20569e-15
      3484.23  3.20391e-15
      3487.42  3.28751e-15
      3490.60  3.28856e-15
      3493.78  3.29926e-15
      3496.96  3.33008e-15
      3500.14  3.34755e-15
      3503.32  3.43413e-15
      3506.50  3.38774e-15
      3509.69  3.42688e-15
      3512.87  3.46144e-15
      3516.05  3.48450e-15
      3519.23  3.41997e-15
      3522.41  3.46884e-15
      3525.59  3.44748e-15
      3528.77  3.43526e-15
      3531.96  3.41655e-15
      3535.14  3.41999e-15
      3538.32  3.43114e-15
      3541.50  3.35908e-15
      3544.68  3.37174e-15
      3547.86  3.28160e-15
      3551.04  3.32086e-15
      3554.23  3.29893e-15
      3557.41  3.31871e-15
      3560.59  3.33006e-15
      3563.77  3.25086e-15
      3566.95  3.22366e-15
      3570.13  3.17912e-15
      3573.32  3.13880e-15
      3576.50  3.07620e-15
      3579.68  2.95931e-15
      3582.86  2.94410e-15
      3586.04  2.87102e-15
      3589.22  2.71762e-15
      3592.40  2.65079e-15
      3595.59  2.55132e-15
      3598.77  2.44923e-15
      3601.95  2.33680e-15
      3605.13  2.23317e-15
      3608.31  2.10537e-15
      3611.49  1.99160e-15
      3614.67  1.84865e-15
      3617.86  1.71574e-15
      3621.04  1.62861e-15
      3624.22  1.51090e-15
      3627.40  1.42643e-15
      3630.58  1.34850e-15
      3633.76  1.26092e-15
      3636.94  1.19579e-15
      3640.13  1.11304e-15
      3643.31  1.04824e-15
      3646.49  9.93673e-16
      3649.67  9.46175e-16
      3652.85  9.03547e-16
      3656.03  8.62431e-16
      3659.21  8.16953e-16
      3662.40  8.15641e-16
      3665.58  7.85685e-16
      3668.76  7.71907e-16
      3671.94  7.49296e-16
      3675.12  7.40944e-16
      3678.30  7.35321e-16
      3681.49  7.37701e-16
      3684.67  7.00534e-16
      3687.85  7.09117e-16
      3691.03  7.11701e-16
      3694.21  7.18083e-16
      3697.39  7.36462e-16
      3700.57  7.32676e-16
      3703.76  7.33169e-16
      3706.94  7.43656e-16
      3710.12  7.84608e-16
      3713.30  7.90776e-16
      3716.48  8.16063e-16
      3719.66  8.49101e-16
      3722.84  8.72668e-16
      3726.03  8.81290e-16
      3729.21  9.33961e-16
      3732.39  9.87327e-16
      3735.57  1.02154e-15
      3738.75  1.04285e-15
      3741.93  1.08928e-15
      3745.11  1.16583e-15
      3748.30  1.21928e-15
      3751.48  1.27317e-15
      3754.66  1.36011e-15
      3757.84  1.43182e-15
      3761.02  1.53178e-15
      3764.20  1.61244e-15
      3767.38  1.74218e-15
      3770.57  1.77040e-15
      3773.75  1.87599e-15
      3776.93  1.94427e-15
      3780.11  1.97422e-15
      3783.29  2.03531e-15
      3786.47  2.04579e-15
      3789.66  2.07701e-15
      3792.84  2.14921e-15
      3796.02  2.22823e-15
      3799.20  2.23425e-15
      3802.38  2.32055e-15
      3805.56  2.33636e-15
      3808.74  2.36367e-15
      3811.93  2.40784e-15
      3815.11  2.39569e-15
      3818.29  2.42646e-15
      3821.47  2.47986e-15
      3824.65  2.54933e-15
      3827.83  2.54330e-15
      3831.01  2.61791e-15
      3834.20  2.63198e-15
      3837.38  2.69559e-15
      3840.56  2.77435e-15
      3843.74  2.76280e-15
      3846.92  2.81455e-15
      3850.10  2.87089e-15
      3853.28  2.93740e-15
      3856.47  2.96285e-15
      3859.65  3.05102e-15
      3862.83  3.10917e-15
      3866.01  3.18265e-15
      3869.19  3.25629e-15
      3872.37  3.34615e-15
      3875.56  3.40208e-15
      3878.74  3.48504e-15
      3881.92  3.46502e-15
      3885.10  3.50050e-15
      3888.28  3.56708e-15
      3891.46  3.59978e-15
      3894.64  3.54431e-15
      3897.83  3.39935e-15
      3901.01  3.51752e-15
      3904.19  3.69807e-15
      3907.37  3.69422e-15
      3910.55  3.73023e-15
      3913.73  3.73122e-15
      3916.91  3.81135e-15
      3920.10  3.80189e-15
      3923.28  3.85096e-15
      3926.46  3.83059e-15
      3929.64  3.78790e-15
      3932.82  3.73370e-15
      3936.00  3.88732e-15
      3939.18  3.93180e-15
      3942.37  3.96395e-15
      3945.55  3.94785e-15
      3948.73  3.99981e-15
      3951.91  4.06111e-15
      3955.09  4.13171e-15
      3958.27  4.17876e-15
      3961.45  4.11864e-15
      3964.64  4.19525e-15
      3967.82  4.21752e-15
      3971.00  4.22186e-15
      3974.18  4.19169e-15
      3977.36  4.21490e-15
      3980.54  4.20422e-15
      3983.73  4.16369e-15
      3986.91  4.13334e-15
      3990.09  4.11529e-15
      3993.27  4.12548e-15
      3996.45  4.08222e-15
      3999.63  4.05364e-15
      4002.81  3.97006e-15
      4006.00  3.97961e-15
      4009.18  3.94856e-15
      4012.36  3.93288e-15
      4015.54  3.91098e-15
      4018.72  3.96841e-15
      4021.90  3.90733e-15
      4025.08  3.91466e-15
      4028.27  3.92501e-15
      4031.45  3.99313e-15
      4034.63  4.02143e-15
      4037.81  4.03396e-15
      4040.99  4.05034e-15
      4044.17  4.07111e-15
      4047.35  4.07706e-15
      4050.54  4.11968e-15
      4053.72  4.08249e-15
      4056.90  4.11580e-15
      4060.08  4.10268e-15
      4063.26  4.13811e-15
      4066.44  4.21200e-15
      4069.62  4.15036e-15
      4072.81  4.22217e-15
      4075.99  4.23982e-15
      4079.17  4.24346e-15
      4082.35  4.20162e-15
      4085.53  4.23385e-15
      4088.71  4.26933e-15
      4091.90  4.25482e-15
      4095.08  4.22406e-15
      4098.26  4.24070e-15
      4101.44  4.23329e-15
      4104.62  4.23226e-15
      4107.80  4.23764e-15
      4110.98  4.18466e-15
      4114.17  4.21944e-15
      4117.35  4.20861e-15
      4120.53  4.17688e-15
      4123.71  4.14158e-15
      4126.89  4.14622e-15
      4130.07  4.06226e-15
      4133.25  4.02469e-15
      4136.44  3.96559e-15
      4139.62  3.93696e-15
      4142.80  3.89609e-15
      4145.98  3.88656e-15
      4149.16  3.88606e-15
      4152.34  3.86687e-15
      4155.52  3.82696e-15
      4158.71  3.78145e-15
      4161.89  3.76261e-15
      4165.07  3.70638e-15
      4168.25  3.67192e-15
      4171.43  3.62776e-15
      4174.61  3.61920e-15
      4177.79  3.54354e-15
      4180.98  3.55368e-15
      4184.16  3.52181e-15
      4187.34  3.46394e-15
      4190.52  3.44743e-15
      4193.70  3.41133e-15
      4196.88  3.37453e-15
      4200.07  3.31253e-15
      4203.25  3.30294e-15
      4206.43  3.21543e-15
      4209.61  3.16547e-15
      4212.79  3.14127e-15
      4215.97  3.08988e-15
      4219.15  3.04697e-15
      4222.34  3.00256e-15
      4225.52  2.95545e-15
      4228.70  2.89236e-15
      4231.88  2.86435e-15
      4235.06  2.80758e-15
      4238.24  2.78057e-15
      4241.42  2.74523e-15
      4244.61  2.72416e-15
      4247.79  2.70309e-15
      4250.97  2.65856e-15
      4254.15  2.64071e-15
      4257.33  2.61355e-15
      4260.51  2.57943e-15
      4263.69  2.50162e-15
      4266.88  2.48216e-15
      4270.06  2.44400e-15
      4273.24  2.41994e-15
      4276.42  2.40681e-15
      4279.60  2.34076e-15
      4282.78  2.33851e-15
      4285.97  2.32705e-15
      4289.15  2.29971e-15
      4292.33  2.26831e-15
      4295.51  2.21523e-15
      4298.69  2.21025e-15
      4301.87  2.19621e-15
      4305.05  2.16756e-15
      4308.24  2.18019e-15
      4311.42  2.16900e-15
      4314.60  2.17380e-15
      4317.78  2.17435e-15
      4320.96  2.19445e-15
      4324.14  2.19485e-15
      4327.32  2.22899e-15
      4330.51  2.22714e-15
      4333.69  2.25542e-15
      4336.87  2.25912e-15
      4340.05  2.26979e-15
      4343.23  2.26145e-15
      4346.41  2.25964e-15
      4349.59  2.28895e-15
      4352.78  2.31372e-15
      4355.96  2.32243e-15
      4359.14  2.31207e-15
      4362.32  2.33750e-15
      4365.50  2.39911e-15
      4368.68  2.41596e-15
      4371.87  2.45174e-15
      4375.05  2.45316e-15
      4378.23  2.50356e-15
      4381.41  2.51468e-15
      4384.59  2.51094e-15
      4387.77  2.52245e-15
      4390.95  2.54176e-15
      4394.14  2.54187e-15
      4397.32  2.54434e-15
      4400.50  2.56694e-15
      4403.68  2.52670e-15
      4406.86  2.54773e-15
      4410.04  2.51458e-15
      4413.22  2.49568e-15
      4416.41  2.46818e-15
      4419.59  2.46084e-15
      4422.77  2.44330e-15
      4425.95  2.41164e-15
      4429.13  2.38843e-15
      4432.31  2.38333e-15
      4435.49  2.33796e-15
      4438.68  2.32927e-15
      4441.86  2.31032e-15
      4445.04  2.33229e-15
      4448.22  2.35179e-15
      4451.40  2.35851e-15
      4454.58  2.36371e-15
      4457.76  2.38488e-15
      4460.95  2.39787e-15
      4464.13  2.41185e-15
      4467.31  2.41959e-15
      4470.49  2.47843e-15
      4473.67  2.47194e-15
      4476.85  2.52488e-15
      4480.04  2.53020e-15
      4483.22  2.57292e-15
      4486.40  2.57926e-15
      4489.58  2.59694e-15
      4492.76  2.61706e-15
      4495.94  2.63592e-15
      4499.12  2.65925e-15
      4502.31  2.69076e-15
      4505.49  2.68716e-15
      4508.67  2.71516e-15
      4511.85  2.72674e-15
      4515.03  2.75394e-15
      4518.21  2.76261e-15
      4521.39  2.77371e-15
      4524.58  2.76289e-15
      4527.76  2.76980e-15
      4530.94  2.78122e-15
      4534.12  2.78887e-15
      4537.30  2.78787e-15
      4540.48  2.78433e-15
      4543.66  2.74663e-15
      4546.85  2.77218e-15
      4550.03  2.76706e-15
      4553.21  2.76065e-15
      4556.39  2.79413e-15
      4559.57  2.79063e-15
      4562.75  2.74643e-15
      4565.94  2.74124e-15
      4569.12  2.78247e-15
      4572.30  2.76271e-15
      4575.48  2.77045e-15
      4578.66  2.77361e-15
      4581.84  2.77023e-15
      4585.02  2.77186e-15
      4588.20  2.78349e-15
      4591.39  2.77304e-15
      4594.57  2.77378e-15
      4597.75  2.79197e-15
      4600.93  2.76314e-15
      4604.11  2.77469e-15
      4607.29  2.75448e-15
      4610.48  2.79000e-15
      4613.66  2.77739e-15
      4616.84  2.75812e-15
      4620.02  2.77228e-15
      4623.20  2.73829e-15
      4626.38  2.72945e-15
      4629.56  2.73179e-15
      4632.75  2.71278e-15
      4635.93  2.69105e-15
      4639.11  2.63666e-15
      4642.29  2.62731e-15
      4645.47  2.58234e-15
      4648.65  2.58145e-15
      4651.83  2.55868e-15
      4655.02  2.51486e-15
      4658.20  2.50854e-15
      4661.38  2.48820e-15
      4664.56  2.42170e-15
      4667.74  2.39880e-15
      4670.92  2.32868e-15
      4674.10  2.32623e-15
      4677.29  2.28995e-15
      4680.47  2.31850e-15
      4683.65  2.28087e-15
      4686.83  2.28888e-15
      4690.01  2.29602e-15
      4693.19  2.30570e-15
      4696.38  2.26086e-15
      4699.56  2.29335e-15
      4702.74  2.25399e-15
      4705.92  2.26151e-15
      4709.10  2.26635e-15
      4712.28  2.27894e-15
      4715.46  2.23404e-15
      4718.65  2.23855e-15
      4721.83  2.23842e-15
      4725.01  2.23175e-15
      4728.19  2.19722e-15
      4731.37  2.17829e-15
      4734.55  2.17958e-15
      4737.73  2.14073e-15
      4740.92  2.11606e-15
      4744.10  2.09371e-15
      4747.28  2.09925e-15
      4750.46  2.07819e-15
      4753.64  2.07995e-15
      4756.82  2.06099e-15
      4760.00  2.04633e-15
      4763.19  2.05632e-15
      4766.37  2.03284e-15
      4769.55  2.03025e-15
      4772.73  2.02887e-15
      4775.91  2.00585e-15
      4779.09  2.01321e-15
      4782.27  2.02827e-15
      4785.46  2.04195e-15
      4788.64  2.03307e-15
      4791.82  2.05721e-15
      4795.00  2.05818e-15
      4798.18  2.06290e-15
      4801.36  2.07207e-15
      4804.55  2.09694e-15
      4807.73  2.09577e-15
      4810.91  2.09613e-15
      4814.09  2.10206e-15
      4817.27  2.08243e-15
      4820.45  2.08412e-15
      4823.63  2.07150e-15
      4826.82  2.04145e-15
      4830.00  1.99556e-15
      4833.18  1.97535e-15
      4836.36  1.96024e-15
      4839.54  1.94049e-15
      4842.72  1.90959e-15
      4845.90  1.83872e-15
      4849.09  1.83960e-15
      4852.27  1.81785e-15
      4855.45  1.79752e-15
      4858.63  1.77354e-15
      4861.81  1.72714e-15
      4864.99  1.69181e-15
      4868.17  1.68384e-15
      4871.36  1.66593e-15
      4874.54  1.66228e-15
      4877.72  1.62727e-15
      4880.90  1.62558e-15
      4884.08  1.61824e-15
      4887.26  1.63635e-15
      4890.44  1.62672e-15
      4893.63  1.62924e-15
      4896.81  1.64242e-15
      4899.99  1.64334e-15
      4903.17  1.65249e-15
      4906.35  1.65306e-15
      4909.53  1.65809e-15
      4912.72  1.68007e-15
      4915.90  1.68174e-15
      4919.08  1.67682e-15
      4922.26  1.66770e-15
      4925.44  1.65421e-15
      4928.62  1.66235e-15
      4931.80  1.66373e-15
      4934.99  1.66666e-15
      4938.17  1.64294e-15
      4941.35  1.67695e-15
      4944.53  1.66239e-15
      4947.71  1.64852e-15
      4950.89  1.66945e-15
      4954.07  1.65026e-15
      4957.26  1.67543e-15
      4960.44  1.69031e-15
      4963.62  1.68754e-15
      4966.80  1.66991e-15
      4969.98  1.66371e-15
      4973.16  1.66283e-15
      4976.34  1.64925e-15
      4979.53  1.64709e-15
      4982.71  1.64841e-15
      4985.89  1.65214e-15
      4989.07  1.66264e-15
      4992.25  1.64729e-15
      4995.43  1.63896e-15
      4998.62  1.63577e-15
      5001.80  1.66804e-15
      5004.98  1.65833e-15
      5008.16  1.67871e-15
      5011.34  1.64591e-15
      5014.52  1.68424e-15
      5017.70  1.66595e-15
      5020.89  1.68035e-15
      5024.07  1.70248e-15
      5027.25  1.69104e-15
      5030.43  1.71653e-15
      5033.61  1.69175e-15
      5036.79  1.70018e-15
      5039.97  1.69385e-15
      5043.16  1.72831e-15
      5046.34  1.73909e-15
      5049.52  1.72152e-15
      5052.70  1.74400e-15
      5055.88  1.77875e-15
      5059.06  1.76174e-15
      5062.24  1.78157e-15
      5065.43  1.78354e-15
      5068.61  1.80132e-15
      5071.79  1.77329e-15
      5074.97  1.83035e-15
      5078.15  1.81994e-15
      5081.33  1.85127e-15
      5084.52  1.84734e-15
      5087.70  1.86803e-15
      5090.88  1.87742e-15
      5094.06  1.90205e-15
      5097.24  1.91289e-15
      5100.42  1.89376e-15
      5103.60  1.92664e-15
      5106.79  1.94116e-15
      5109.97  1.95899e-15
      5113.15  1.94623e-15
      5116.33  1.96894e-15
      5119.51  1.96900e-15
      5122.69  1.99854e-15
      5125.87  1.96236e-15
      5129.06  1.97868e-15
      5132.24  1.96895e-15
      5135.42  1.97907e-15
      5138.60  1.96067e-15
      5141.78  1.97306e-15
      5144.96  1.95119e-15
      5148.14  1.96195e-15
      5151.33  1.94990e-15
      5154.51  1.96244e-15
      5157.69  1.92837e-15
      5160.87  1.94396e-15
      5164.05  1.92609e-15
      5167.23  1.89988e-15
      5170.41  1.91401e-15
      5173.60  1.92074e-15
      5176.78  1.93306e-15
      5179.96  1.92548e-15
      5183.14  1.91840e-15
      5186.32  1.93403e-15
      5189.50  1.94349e-15
      5192.69  1.93414e-15
      5195.87  1.93820e-15
      5199.05  1.94692e-15
      5202.23  1.95769e-15
      5205.41  1.98760e-15
      5208.59  1.96949e-15
      5211.77  1.96793e-15
      5214.96  1.95161e-15
      5218.14  1.96795e-15
      5221.32  1.94951e-15
      5224.50  1.95596e-15
      5227.68  1.93307e-15
      5230.86  1.91726e-15
      5234.04  1.88803e-15
      5237.23  1.85775e-15
      5240.41  1.85209e-15
      5243.59  1.82791e-15
      5246.77  1.80217e-15
      5249.95  1.74361e-15
      5253.13  1.74185e-15
      5256.31  1.73228e-15
      5259.50  1.68299e-15
      5262.68  1.63796e-15
      5265.86  1.61236e-15
      5269.04  1.58204e-15
      5272.22  1.53330e-15
      5275.40  1.51833e-15
      5278.58  1.51118e-15
      5281.77  1.49731e-15
      5284.95  1.48910e-15
      5288.13  1.46273e-15
      5291.31  1.43537e-15
      5294.49  1.44194e-15
      5297.67  1.45318e-15
      5300.86  1.45281e-15
      5304.04  1.43595e-15
      5307.22  1.44292e-15
      5310.40  1.45805e-15
      5313.58  1.44568e-15
      5316.76  1.41704e-15
      5319.94  1.43690e-15
      5323.13  1.43091e-15
      5326.31  1.43401e-15
      5329.49  1.43901e-15
      5332.67  1.43860e-15
      5335.85  1.42946e-15
      5339.03  1.42893e-15
      5342.21  1.42669e-15
      5345.40  1.42638e-15
      5348.58  1.41148e-15
      5351.76  1.44632e-15
      5354.94  1.45451e-15
      5358.12  1.46430e-15
      5361.30  1.46097e-15
      5364.48  1.45657e-15
      5367.67  1.47296e-15
      5370.85  1.45621e-15
      5374.03  1.48663e-15
      5377.21  1.48899e-15
      5380.39  1.49286e-15
      5383.57  1.49606e-15
      5386.76  1.48336e-15
      5389.94  1.48531e-15
      5393.12  1.47692e-15
      5396.30  1.48069e-15
      5399.48  1.46607e-15
      5402.66  1.45338e-15
      5405.84  1.46406e-15
      5409.02  1.45648e-15
      5412.21  1.43333e-15
      5415.39  1.42697e-15
      5418.57  1.43378e-15
      5421.75  1.42194e-15
      5424.93  1.43381e-15
      5428.11  1.42676e-15
      5431.30  1.40269e-15
      5434.48  1.41123e-15
      5437.66  1.39204e-15
      5440.84  1.37888e-15
      5444.02  1.37041e-15
      5447.20  1.36106e-15
      5450.38  1.33949e-15
      5453.57  1.33534e-15
      5456.75  1.34255e-15
      5459.93  1.34414e-15
      5463.11  1.30880e-15
      5466.29  1.30092e-15
      5469.47  1.27981e-15
      5472.65  1.28870e-15
      5475.84  1.29534e-15
      5479.02  1.30095e-15
      5482.20  1.31014e-15
      5485.38  1.32644e-15
      5488.56  1.33010e-15
      5491.74  1.32953e-15
      5494.92  1.36530e-15
      5498.11  1.36519e-15
      5501.29  1.38627e-15
      5504.47  1.41590e-15
      5507.65  1.45708e-15
      5510.83  1.43035e-15
      5514.01  1.44246e-15
      5517.20  1.46284e-15
      5520.38  1.47521e-15
      5523.56  1.49633e-15
      5526.74  1.51783e-15
      5529.92  1.54037e-15
      5533.10  1.52871e-15
      5536.28  1.55675e-15
      5539.47  1.58858e-15
      5542.65  1.58070e-15
      5545.83  1.58480e-15
      5549.01  1.55934e-15
      5552.19  1.59546e-15
      5555.37  1.67478e-15
      5558.55  1.67537e-15
      5561.74  1.67393e-15
      5564.92  1.64807e-15
      5568.10  1.69657e-15
      5571.28  1.68222e-15
      5574.46  1.69214e-15
      5577.64  1.66966e-15
      5580.82  1.67608e-15
      5584.01  1.64910e-15
      5587.19  1.68398e-15
      5590.37  1.68491e-15
      5593.55  1.69449e-15
      5596.73  1.71720e-15
      5599.91  1.75610e-15
      5603.10  1.74755e-15
      5606.28  1.74329e-15
      5609.46  1.75643e-15
      5612.64  1.77854e-15
      5615.82  1.77925e-15
      5619.00  1.82011e-15
      5622.18  1.80589e-15
      5625.37  1.81023e-15
      5628.55  1.82016e-15
      5631.73  1.81147e-15
      5634.91  1.81157e-15
      5638.09  1.82399e-15
      5641.27  1.82683e-15
      5644.45  1.81537e-15
      5647.64  1.84310e-15
      5650.82  1.84555e-15
      5654.00  1.82569e-15
      5657.18  1.84318e-15
      5660.36  1.83771e-15
      5663.54  1.86822e-15
      5666.72  1.84739e-15
      5669.91  1.83036e-15
      5673.09  1.84574e-15
      5676.27  1.84476e-15
      5679.45  1.82989e-15
      5682.63  1.83735e-15
      5685.81  1.83471e-15
      5688.99  1.84445e-15
      5692.18  1.84833e-15
      5695.36  1.83227e-15
      5698.54  1.83278e-15
      5701.72  1.82912e-15
      5704.90  1.83199e-15
      5708.08  1.80766e-15
      5711.27  1.81356e-15
      5714.45  1.80156e-15
      5717.63  1.78503e-15
      5720.81  1.79721e-15
      5723.99  1.77846e-15
      5727.17  1.77595e-15
      5730.35  1.74174e-15
      5733.54  1.74069e-15
      5736.72  1.74404e-15
      5739.90  1.73642e-15
      5743.08  1.74832e-15
      5746.26  1.71609e-15
      5749.44  1.70134e-15
      5752.62  1.69139e-15
      5755.81  1.67177e-15
      5758.99  1.68673e-15
      5762.17  1.67637e-15
      5765.35  1.68942e-15
      5768.53  1.67258e-15
      5771.71  1.69232e-15
      5774.90  1.67711e-15
      5778.08  1.65707e-15
      5781.26  1.65833e-15
      5784.44  1.65516e-15
      5787.62  1.64410e-15
      5790.80  1.63921e-15
      5793.98  1.63933e-15
      5797.17  1.64210e-15
      5800.35  1.63202e-15
      5803.53  1.65789e-15
      5806.71  1.63889e-15
      5809.89  1.63502e-15
      5813.07  1.64867e-15
      5816.25  1.66104e-15
      5819.44  1.66136e-15
      5822.62  1.68364e-15
      5825.80  1.66005e-15
      5828.98  1.67545e-15
      5832.16  1.69688e-15
      5835.34  1.66077e-15
      5838.52  1.63028e-15
      5841.71  1.63662e-15
      5844.89  1.63137e-15
      5848.07  1.66531e-15
      5851.25  1.68063e-15
      5854.43  1.66944e-15
      5857.61  1.67421e-15
      5860.79  1.68016e-15
      5863.98  1.66980e-15
      5867.16  1.67886e-15
      5870.34  1.65639e-15
      5873.52  1.67438e-15
      5876.70  1.64904e-15
      5879.88  1.68852e-15
      5883.06  1.66806e-15
      5886.25  1.66147e-15
      5889.43  1.65198e-15
      5892.61  1.65665e-15
      5895.79  1.66356e-15
      5898.97  1.66952e-15
      5902.15  1.66499e-15
      5905.34  1.65721e-15
      5908.52  1.66928e-15
      5911.70  1.67772e-15
      5914.88  1.69702e-15
      5918.06  1.67841e-15
      5921.24  1.64685e-15
      5924.42  1.65954e-15
      5927.61  1.67861e-15
      5930.79  1.64832e-15
      5933.97  1.65610e-15
      5937.15  1.64578e-15
      5940.33  1.64216e-15
      5943.51  1.67778e-15
      5946.69  1.65106e-15
      5949.88  1.63275e-15
      5953.06  1.62847e-15
      5956.24  1.64337e-15
      5959.42  1.63406e-15
      5962.60  1.62758e-15
      5965.78  1.61711e-15
      5968.96  1.60971e-15
      5972.15  1.58510e-15
      5975.33  1.58018e-15
      5978.51  1.55949e-15
      5981.69  1.54264e-15
      5984.87  1.54617e-15
      5988.05  1.54025e-15
      5991.23  1.53778e-15
      5994.42  1.53213e-15
      5997.60  1.51042e-15
      6000.78  1.51016e-15
      6003.96  1.51496e-15
      6007.14  1.49489e-15
      6010.32  1.46660e-15
      6013.51  1.48761e-15
      6016.69  1.46459e-15
      6019.87  1.45163e-15
      6023.05  1.44478e-15
      6026.23  1.43659e-15
      6029.41  1.40557e-15
      6032.59  1.40632e-15
      6035.78  1.39408e-15
      6038.96  1.36998e-15
      6042.14  1.38369e-15
      6045.32  1.36265e-15
      6048.50  1.37502e-15
      6051.68  1.33694e-15
      6054.86  1.30321e-15
      6058.05  1.29474e-15
      6061.23  1.28000e-15
      6064.41  1.27830e-15
      6067.59  1.24596e-15
      6070.77  1.23486e-15
      6073.95  1.23567e-15
      6077.13  1.22332e-15
      6080.32  1.20640e-15
      6083.50  1.19111e-15
      6086.68  1.18484e-15
      6089.86  1.15976e-15
      6093.04  1.13090e-15
      6096.22  1.11788e-15
      6099.41  1.09179e-15
      6102.59  1.09090e-15
      6105.77  1.07828e-15
      6108.95  1.05540e-15
      6112.13  1.03641e-15
      6115.31  1.03791e-15
      6118.49  1.03317e-15
      6121.68  9.96501e-16
      6124.86  9.79940e-16
      6128.04  9.92012e-16
      6131.22  9.58977e-16
      6134.40  9.68185e-16
      6137.58  9.54016e-16
      6140.76  9.44904e-16
      6143.95  9.35937e-16
      6147.13  9.21013e-16
      6150.31  9.31487e-16
      6153.49  9.15118e-16
      6156.67  9.02565e-16
      6159.85  8.85284e-16
      6163.03  8.61536e-16
      6166.22  8.86362e-16
      6169.40  8.83656e-16
      6172.58  8.69724e-16
      6175.76  8.52506e-16
      6178.94  8.49435e-16
      6182.12  8.89751e-16
      6185.31  8.92523e-16
      6188.49  8.82873e-16
      6191.67  8.95099e-16
      6194.85  9.23110e-16
      6198.03  9.26324e-16
      6201.21  9.67234e-16
      6204.39  9.71258e-16
      6207.57  9.76473e-16
      6210.76  9.84169e-16
      6213.94  9.98116e-16
      6217.12  1.00378e-15
      6220.30  1.00944e-15
      6223.48  1.03030e-15
      6226.66  1.03811e-15
      6229.85  1.05369e-15
      6233.03  1.07296e-15
      6236.21  1.07807e-15
      6239.39  1.08412e-15
      6242.57  1.10556e-15
      6245.75  1.12519e-15
      6248.93  1.14416e-15
      6252.12  1.14142e-15
      6255.30  1.17177e-15
      6258.48  1.18011e-15
      6261.66  1.20986e-15
      6264.84  1.20148e-15
      6268.02  1.23715e-15
      6271.20  1.24485e-15
      6274.39  1.27038e-15
      6277.57  1.26939e-15
      6280.75  1.29117e-15
      6283.93  1.33050e-15
      6287.11  1.30780e-15
      6290.29  1.34068e-15
      6293.48  1.35264e-15
      6296.66  1.35644e-15
      6299.84  1.35187e-15
      6303.02  1.37827e-15
      6306.20  1.39549e-15
      6309.38  1.38864e-15
      6312.56  1.37839e-15
      6315.75  1.41112e-15
      6318.93  1.41530e-15
      6322.11  1.41867e-15
      6325.29  1.44051e-15
      6328.47  1.43444e-15
      6331.65  1.43680e-15
      6334.83  1.43715e-15
      6338.02  1.43304e-15
      6341.20  1.43984e-15
      6344.38  1.45467e-15
      6347.56  1.46050e-15
      6350.74  1.45604e-15
      6353.92  1.45162e-15
      6357.10  1.48648e-15
      6360.29  1.44448e-15
      6363.47  1.45255e-15
      6366.65  1.45228e-15
      6369.83  1.45969e-15
      6373.01  1.45922e-15
      6376.19  1.46091e-15
      6379.38  1.46926e-15
      6382.56  1.45551e-15
      6385.74  1.46504e-15
      6388.92  1.44908e-15
      6392.10  1.46202e-15
      6395.28  1.44812e-15
      6398.46  1.46183e-15
      6401.64  1.43614e-15
      6404.83  1.42567e-15
      6408.01  1.43863e-15
      6411.19  1.42754e-15
      6414.37  1.41144e-15
      6417.55  1.41539e-15
      6420.73  1.40614e-15
      6423.92  1.38477e-15
      6427.10  1.39551e-15
      6430.28  1.39137e-15
      6433.46  1.36613e-15
      6436.64  1.36371e-15
      6439.82  1.35054e-15
      6443.00  1.35960e-15
      6446.19  1.36114e-15
      6449.37  1.35493e-15
      6452.55  1.34151e-15
      6455.73  1.35420e-15
      6458.91  1.33493e-15
      6462.09  1.33725e-15
      6465.27  1.32680e-15
      6468.46  1.34085e-15
      6471.64  1.33574e-15
      6474.82  1.31938e-15
      6478.00  1.31968e-15
      6481.18  1.30581e-15
      6484.36  1.30000e-15
      6487.54  1.30320e-15
      6490.73  1.31539e-15
      6493.91  1.30568e-15
      6497.09  1.28525e-15
      6500.27  1.29657e-15
      6503.45  1.29204e-15
      6506.63  1.27976e-15
      6509.81  1.28289e-15
      6513.00  1.28583e-15
      6516.18  1.28655e-15
      6519.36  1.27119e-15
      6522.54  1.27288e-15
      6525.72  1.26665e-15
      6528.90  1.26098e-15
      6532.09  1.26848e-15
      6535.27  1.25958e-15
      6538.45  1.26718e-15
      6541.63  1.24764e-15
      6544.81  1.26360e-15
      6547.99  1.24939e-15
      6551.17  1.25797e-15
      6554.36  1.28935e-15
      6557.54  1.25657e-15
      6560.72  1.24761e-15
      6563.90  1.24182e-15
      6567.08  1.23961e-15
      6570.26  1.22408e-15
      6573.44  1.21697e-15
      6576.63  1.22454e-15
      6579.81  1.21556e-15
      6582.99  1.21992e-15
      6586.17  1.19753e-15
      6589.35  1.20911e-15
      6592.53  1.20188e-15
      6595.71  1.20217e-15
      6598.90  1.20265e-15
      6602.08  1.19610e-15
      6605.26  1.19252e-15
      6608.44  1.19746e-15
      6611.62  1.17604e-15
      6614.80  1.18655e-15
      6617.99  1.18418e-15
      6621.17  1.17687e-15
      6624.35  1.16734e-15
      6627.53  1.19986e-15
      6630.71  1.36742e-15
      6633.89  1.15878e-15
      6637.07  1.17357e-15
      6640.26  1.16860e-15
      6643.44  1.16600e-15
      6646.62  1.15074e-15
      6649.80  1.16424e-15
      6652.98  1.15717e-15
      6656.16  1.12981e-15
      6659.34  1.14308e-15
      6662.53  1.15266e-15
      6665.71  1.14807e-15
      6668.89  1.15031e-15
      6672.07  1.14645e-15
      6675.25  1.14450e-15
      6678.43  1.13351e-15
      6681.61  1.14958e-15
      6684.80  1.13854e-15
      6687.98  1.13165e-15
      6691.16  1.14270e-15
      6694.34  1.14024e-15
      6697.52  1.11831e-15
      6700.70  1.12537e-15
      6703.89  1.10430e-15
      6707.07  1.10531e-15
      6710.25  1.11491e-15
      6713.43  1.10384e-15
      6716.61  1.11084e-15
      6719.79  1.09241e-15
      6722.97  1.10523e-15
      6726.16  1.09482e-15
      6729.34  1.08009e-15
      6732.52  1.08408e-15
      6735.70  1.07187e-15
      6738.88  1.06208e-15
      6742.06  1.07162e-15
      6745.24  1.07103e-15
      6748.43  1.07884e-15
      6751.61  1.06964e-15
      6754.79  1.04680e-15
      6757.97  1.05104e-15
      6761.15  1.05625e-15
      6764.33  1.04619e-15
      6767.51  1.04626e-15
      6770.70  1.05733e-15
      6773.88  1.04761e-15
      6777.06  1.04313e-15
      6780.24  1.04089e-15
      6783.42  1.03642e-15
      6786.60  1.02603e-15
      6789.78  1.03155e-15
      6792.97  1.02733e-15
      6796.15  1.03146e-15
      6799.33  1.01512e-15
      6802.51  1.02052e-15
      6805.69  1.01227e-15
      6808.87  9.51186e-16
      6812.06  9.42366e-16
      6815.24  9.62537e-16
      6818.42  9.79729e-16
      6821.60  1.00873e-15
      6824.78  1.00170e-15
      6827.96  9.84528e-16
      6831.14  9.77721e-16
      6834.33  9.82705e-16
      6837.51  9.77285e-16
      6840.69  9.93878e-16
      6843.87  9.95669e-16
      6847.05  9.82151e-16
      6850.23  9.89303e-16
      6853.41  9.85311e-16
      6856.60  9.92022e-16
      6859.78  9.94966e-16
      6862.96  9.98674e-16
      6866.14  9.81902e-16
      6869.32  9.82154e-16
      6872.50  9.82077e-16
      6875.69  9.93698e-16
      6878.87  9.77953e-16
      6882.05  9.74673e-16
      6885.23  9.84379e-16
      6888.41  9.89841e-16
      6891.59  9.80956e-16
      6894.77  9.71431e-16
      6897.96  9.85590e-16
      6901.14  9.70190e-16
      6904.32  9.76372e-16
      6907.50  9.69420e-16
      6910.68  9.63182e-16
      6913.86  9.48764e-16
      6917.04  9.63821e-16
      6920.22  9.62608e-16
      6923.41  9.59373e-16
      6926.59  9.53259e-16
      6929.77  9.41434e-16
      6932.95  9.49244e-16
      6936.13  9.46106e-16
      6939.31  9.41934e-16
      6942.50  9.49708e-16
      6945.68  9.50731e-16
      6948.86  9.40352e-16
      6952.04  9.59441e-16
      6955.22  9.39326e-16
      6958.40  9.43675e-16
      6961.58  9.37526e-16
      6964.77  9.41537e-16
      6967.95  9.51254e-16
      6971.13  9.41751e-16
      6974.31  9.46535e-16
      6977.49  9.46071e-16
      6980.67  9.33416e-16
      6983.85  9.58346e-16
      6987.04  9.53225e-16
      6990.22  9.42265e-16
      6993.40  9.44754e-16
      6996.58  9.41101e-16
      6999.76  9.32396e-16
      7002.94  9.35077e-16
      7006.13  9.48457e-16
      7009.31  9.47933e-16
      7012.49  9.45578e-16
      7015.67  9.36748e-16
      7018.85  9.49654e-16
      7022.03  9.28484e-16
      7025.21  9.31541e-16
      7028.40  9.35792e-16
      7031.58  9.24542e-16
      7034.76  9.22997e-16
      7037.94  9.20152e-16
      7041.12  9.34678e-16
      7044.30  9.29990e-16
      7047.48  9.10801e-16
      7050.67  9.21986e-16
      7053.85  9.12080e-16
      7057.03  9.16501e-16
      7060.21  9.15858e-16
      7063.39  9.22937e-16
      7066.57  9.16999e-16
      7069.75  9.11312e-16
      7072.94  9.26115e-16
      7076.12  9.15440e-16
      7079.30  9.11831e-16
      7082.48  9.13875e-16
      7085.66  9.21071e-16
      7088.84  9.27223e-16
      7092.02  9.18779e-16
      7095.21  9.21539e-16
      7098.39  9.17755e-16
      7101.57  9.25380e-16
      7104.75  9.14915e-16
      7107.93  9.07277e-16
      7111.11  8.90328e-16
      7114.29  8.97333e-16
      7117.48  8.91884e-16
      7120.66  8.87715e-16
      7123.84  8.66546e-16
      7127.02  8.85213e-16
      7130.20  8.86920e-16
      7133.38  8.90937e-16
      7136.57  9.02067e-16
      7139.75  8.77325e-16
      7142.93  8.84221e-16
      7146.11  9.04545e-16
      7149.29  9.11930e-16
      7152.47  9.11666e-16
      7155.65  9.18312e-16
      7158.84  8.98626e-16
      7162.02  8.98536e-16
      7165.20  8.96399e-16
      7168.38  8.94298e-16
      7171.56  8.78607e-16
      7174.74  8.83698e-16
      7177.92  8.90252e-16
      7181.11  8.71335e-16
      7184.29  8.93416e-16
      7187.47  8.83751e-16
      7190.65  8.75490e-16
      7193.83  8.83639e-16
      7197.01  8.83577e-16
      7200.19  8.68327e-16
      7203.38  8.80248e-16
      7206.56  8.85850e-16
      7209.74  8.82210e-16
      7212.92  8.68195e-16
      7216.10  8.67141e-16
      7219.28  8.82262e-16
      7222.47  8.81546e-16
      7225.65  8.75384e-16
      7228.83  8.58242e-16
      7232.01  8.69475e-16
      7235.19  8.66507e-16
      7238.37  8.75135e-16
      7241.55  8.62454e-16
      7244.74  8.65512e-16
      7247.92  8.66826e-16
      7251.10  8.59431e-16
      7254.28  8.46040e-16
      7257.46  8.73306e-16
      7260.64  8.97633e-16
      7263.82  8.55450e-16
      7267.01  8.47431e-16
      7270.19  8.41709e-16
      7273.37  8.53127e-16
      7276.55  8.57637e-16
      7279.73  8.49238e-16
      7282.91  8.40485e-16
      7286.09  8.41574e-16
      7289.28  8.30624e-16
      7292.46  8.36740e-16
      7295.64  8.35134e-16
      7298.82  8.27784e-16
      7302.00  8.15631e-16
      7305.18  8.15786e-16
      7308.36  8.18094e-16
      7311.55  8.17974e-16
      7314.73  7.98687e-16
      7317.91  8.02213e-16
      7321.09  8.12501e-16
      7324.27  8.12346e-16
      7327.45  8.01739e-16
      7330.64  7.94744e-16
      7333.82  7.99588e-16
      7337.00  7.98034e-16
      7340.18  8.01513e-16
      7343.36  7.83722e-16
      7346.54  7.80671e-16
      7349.72  7.85958e-16
      7352.91  7.74232e-16
      7356.09  7.71436e-16
      7359.27  7.71952e-16
      7362.45  7.69048e-16
      7365.63  7.61115e-16
      7368.81  7.70047e-16
      7371.99  7.60695e-16
      7375.18  7.73455e-16
      7378.36  7.65454e-16
      7381.54  7.55484e-16
      7384.72  7.67439e-16
      7387.90  7.59093e-16
      7391.08  7.52200e-16
      7394.27  7.55276e-16
      7397.45  7.53521e-16
      7400.63  7.41662e-16
      7403.81  7.54355e-16
      7406.99  7.41365e-16
      7410.17  7.46674e-16
      7413.35  7.52532e-16
      7416.54  7.45646e-16
      7419.72  7.47635e-16
      7422.90  7.39876e-16
      7426.08  7.24781e-16
      7429.26  7.36574e-16
      7432.44  7.32113e-16
      7435.62  7.24836e-16
      7438.81  7.25126e-16
      7441.99  7.27955e-16
      7445.17  7.35132e-16
      7448.35  7.27950e-16
      7451.53  7.30227e-16
      7454.71  7.29725e-16
      7457.89  7.29258e-16
      7461.08  7.38022e-16
      7464.26  7.20763e-16
      7467.44  7.15518e-16
      7470.62  7.21987e-16
      7473.80  7.21668e-16
      7476.98  7.19033e-16
      7480.16  7.20715e-16
      7483.35  7.23483e-16
      7486.53  7.07086e-16
      7489.71  7.16999e-16
      7492.89  7.10073e-16
      7496.07  7.23100e-16
      7499.25  7.20537e-16
      7502.43  7.05255e-16
      7505.62  7.11585e-16
      7508.80  7.23039e-16
      7511.98  7.25680e-16
      7515.16  7.23571e-16
      7518.34  7.16758e-16
      7521.52  7.07389e-16
      7524.71  7.11149e-16
      7527.89  6.63015e-16
      7531.07  6.63916e-16
      7534.25  6.84138e-16
      7537.43  6.41489e-16
      7540.61  6.62273e-16
      7543.79  7.60147e-16
      7546.98  6.80874e-16
      7550.16  6.48591e-16
      7553.34  6.55112e-16
      7556.52  6.27720e-16
      7559.70  6.14574e-16
      7562.88  6.21655e-16
      7566.06  6.18814e-16
      7569.25  6.22894e-16
      7572.43  6.29496e-16
      7575.61  6.25455e-16
      7578.79  6.54738e-16
      7581.97  6.40841e-16
      7585.15  6.64827e-16
      7588.33  6.61800e-16
      7591.52  6.66377e-16
      7594.70  6.55605e-16
      7597.88  6.66304e-16
      7601.06  6.80694e-16
      7604.24  6.72819e-16
      7607.42  6.82292e-16
      7610.60  6.77224e-16
      7613.79  6.77971e-16
      7616.97  6.88223e-16
      7620.15  6.90285e-16
      7623.33  6.84186e-16
      7626.51  6.96174e-16
      7629.69  6.83450e-16
      7632.88  6.88725e-16
      7636.06  6.95719e-16
      7639.24  6.93814e-16
      7642.42  6.89868e-16
      7645.60  6.88839e-16
      7648.78  6.90566e-16
      7651.96  6.93827e-16
      7655.15  6.95540e-16
      7658.33  6.90166e-16
      7661.51  6.83975e-16
      7664.69  7.00815e-16
      7667.87  6.93257e-16
      7671.05  6.92072e-16
      7674.23  6.85966e-16
      7677.42  6.76610e-16
      7680.60  6.90123e-16
      7683.78  6.86323e-16
      7686.96  6.90676e-16
      7690.14  7.03557e-16
      7693.32  6.91059e-16
      7696.50  6.90044e-16
      7699.69  6.84315e-16
      7702.87  6.88474e-16
      7706.05  6.79104e-16
      7709.23  6.86258e-16
      7712.41  6.86210e-16
      7715.59  6.71886e-16
      7718.78  6.91969e-16
      7721.96  6.87464e-16
      7725.14  6.75354e-16
      7728.32  6.74390e-16
      7731.50  6.79489e-16
      7734.68  6.79493e-16
      7737.86  6.79109e-16
      7741.05  6.74109e-16
      7744.23  6.84259e-16
      7747.41  6.83825e-16
      7750.59  6.74439e-16
      7753.77  6.72399e-16
      7756.95  6.66802e-16
      7760.13  6.78627e-16
      7763.32  6.71170e-16
      7766.50  6.76680e-16
      7769.68  6.79200e-16
      7772.86  6.67410e-16
      7776.04  6.64857e-16
      7779.22  6.70128e-16
      7782.40  6.75393e-16
      7785.59  6.70774e-16
      7788.77  6.67589e-16
      7791.95  6.77665e-16
      7795.13  6.60565e-16
      7798.31  6.54193e-16
      7801.49  6.53776e-16
      7804.68  6.54088e-16
      7807.86  6.46940e-16
      7811.04  6.40824e-16
      7814.22  6.35526e-16
      7817.40  6.27902e-16
      7820.58  6.23196e-16
      7823.76  6.12459e-16
      7826.94  6.04966e-16
      7830.13  6.03290e-16
      7833.31  5.98140e-16
      7836.49  5.98544e-16
      7839.67  5.84224e-16
      7842.85  5.76448e-16
      7846.03  5.73088e-16
      7849.22  5.69902e-16
      7852.40  5.61767e-16
      7855.58  5.50294e-16
      7858.76  5.54176e-16
      7861.94  5.38908e-16
      7865.12  5.29206e-16
      7868.30  5.25425e-16
      7871.49  5.23575e-16
      7874.67  5.05704e-16
      7877.85  4.95840e-16
      7881.03  4.88066e-16
      7884.21  4.81607e-16
      7887.39  4.77545e-16
      7890.57  4.60616e-16
      7893.76  4.51476e-16
      7896.94  4.36404e-16
      7900.12  4.36790e-16
      7903.30  4.33284e-16
      7906.48  4.22465e-16
      7909.66  4.14778e-16
      7912.85  4.04687e-16
      7916.03  3.91458e-16
      7919.21  3.89979e-16
      7922.39  3.80321e-16
      7925.57  3.83013e-16
      7928.75  3.71234e-16
      7931.93  3.76019e-16
      7935.12  3.59329e-16
      7938.30  3.50645e-16
      7941.48  3.48540e-16
      7944.66  3.46930e-16
      7947.84  3.40513e-16
      7951.02  3.37817e-16
      7954.20  3.40367e-16
      7957.39  3.35655e-16
      7960.57  3.23953e-16
      7963.75  3.20601e-16
      7966.93  3.18090e-16
      7970.11  3.23406e-16
      7973.29  3.15257e-16
      7976.48  3.18253e-16
      7979.66  3.16319e-16
      7982.84  3.15310e-16
      7986.02  3.10072e-16
      7989.20  3.15011e-16
      7992.38  3.16983e-16
      7995.56  3.18088e-16
      7998.74  3.21044e-16
      8001.93  3.15653e-16
      8005.11  3.22509e-16
      8008.29  3.17290e-16
      8011.47  3.24311e-16
      8014.65  3.29393e-16
      8017.83  3.25516e-16
      8021.01  3.28892e-16
      8024.20  3.28989e-16
      8027.38  3.30144e-16
      8030.56  3.34478e-16
      8033.74  3.39875e-16
      8036.92  3.38694e-16
      8040.10  3.42458e-16
      8043.29  3.40436e-16
      8046.47  3.36741e-16
      8049.65  3.43235e-16
      8052.83  3.41460e-16
      8056.01  3.42637e-16
      8059.19  3.38636e-16
      8062.37  3.47591e-16
      8065.56  3.44982e-16
      8068.74  3.49489e-16
      8071.92  3.52605e-16
      8075.10  3.56058e-16
      8078.28  3.53833e-16
      8081.46  3.54227e-16
      8084.65  3.62998e-16
      8087.83  3.68120e-16
      8091.01  3.61391e-16
      8094.19  3.71131e-16
      8097.37  3.79514e-16
      8100.55  3.92419e-16
      8103.73  3.97315e-16
      8106.91  3.92322e-16
      8110.10  4.00831e-16
      8113.28  4.14451e-16
      8116.46  4.16696e-16
      8119.64  4.11798e-16
      8122.82  4.24861e-16
      8126.00  4.32035e-16
      8129.19  4.37283e-16
      8132.37  4.57338e-16
      8135.55  4.63312e-16
      8138.73  4.69385e-16
      8141.91  4.63292e-16
      8145.09  4.69835e-16
      8148.27  4.86076e-16
      8151.46  4.87602e-16
      8154.64  4.80248e-16
      8157.82  4.77071e-16
      8161.00  4.93661e-16
      8164.18  5.01815e-16
      8167.36  5.13616e-16
      8170.54  5.15518e-16
      8173.73  5.25692e-16
      8176.91  5.20429e-16
      8180.09  5.23766e-16
      8183.27  5.18050e-16
      8186.45  5.17864e-16
      8189.63  5.22024e-16
      8192.81  5.39713e-16
      8196.00  5.43808e-16
      8199.18  5.33057e-16
      8202.36  5.22023e-16
      8205.54  5.28486e-16
      8208.72  5.28390e-16
      8211.90  5.30154e-16
      8215.09  5.32868e-16
      8218.27  5.26284e-16
      8221.45  5.49047e-16
      8224.63  5.38519e-16
      8227.81  5.36388e-16
      8230.99  5.39577e-16
      8234.17  5.43454e-16
      8237.36  5.48488e-16
      8240.54  5.38647e-16
      8243.72  5.35809e-16
      8246.90  5.28408e-16
      8250.08  5.15904e-16
      8253.26  5.33004e-16
      8256.44  5.39555e-16
      8259.62  5.29458e-16
      8262.81  5.34122e-16
      8265.99  5.33840e-16
      8269.17  5.34284e-16
      8272.35  5.21767e-16
      8275.53  5.40383e-16
      8278.71  5.42148e-16
      8281.90  5.33109e-16
      8285.08  5.40252e-16
      8288.26  5.40085e-16
      8291.44  5.31392e-16
      8294.62  5.28150e-16
      8297.80  5.33025e-16
      8300.99  5.36392e-16
      8304.17  5.24969e-16
      8307.35  5.32574e-16
      8310.53  5.36683e-16
      8313.71  5.38822e-16
      8316.89  5.41287e-16
      8320.07  5.44966e-16
      8323.25  5.42623e-16
      8326.44  5.19459e-16
      8329.62  5.35744e-16
      8332.80  5.52882e-16
      8335.98  5.55142e-16
      8339.16  5.54716e-16
      8342.34  5.36662e-16
      8345.53  5.43592e-16
      8348.71  5.47085e-16
      8351.89  5.45632e-16
      8355.07  5.29428e-16
      8358.25  5.29608e-16
      8361.43  5.42522e-16
      8364.61  5.43055e-16
      8367.80  5.50241e-16
      8370.98  5.50006e-16
      8374.16  5.47020e-16
      8377.34  5.55313e-16
      8380.52  5.46389e-16
      8383.70  5.61295e-16
      8386.88  5.60049e-16
      8390.07  5.48026e-16
      8393.25  5.38544e-16
      8396.43  5.46345e-16
      8399.61  5.62454e-16
      8402.79  5.50726e-16
      8405.97  5.48807e-16
      8409.16  5.52778e-16
      8412.34  5.51807e-16
      8415.52  5.55110e-16
      8418.70  5.58380e-16
      8421.88  5.64467e-16
      8425.06  5.76141e-16
      8428.24  5.77819e-16
      8431.42  5.66590e-16
      8434.61  5.76989e-16
      8437.79  5.88988e-16
      8440.97  5.96511e-16
      8444.15  5.91484e-16
      8447.33  5.96199e-16
      8450.51  6.06680e-16
      8453.70  6.05704e-16
      8456.88  6.11298e-16
      8460.06  6.21233e-16
      8463.24  6.15474e-16
      8466.42  6.16168e-16
      8469.60  6.27129e-16
      8472.79  6.20386e-16
      8475.97  6.34521e-16
      8479.15  6.31394e-16
      8482.33  6.39058e-16
      8485.51  6.39181e-16
      8488.69  6.41119e-16
      8491.87  6.35350e-16
      8495.05  6.42871e-16
      8498.24  6.35702e-16
      8501.42  6.48573e-16
      8504.60  6.42669e-16
      8507.78  6.51127e-16
      8510.96  6.51680e-16
      8514.14  6.48197e-16
      8517.32  6.48983e-16
      8520.51  6.49846e-16
      8523.69  6.61490e-16
      8526.87  6.46814e-16
      8530.05  6.56768e-16
      8533.23  6.60810e-16
      8536.41  6.56140e-16
      8539.60  6.64672e-16
      8542.78  6.62620e-16
      8545.96  6.65340e-16
      8549.14  6.62918e-16
      8552.32  6.68128e-16
      8555.50  6.69924e-16
      8558.68  6.67300e-16
      8561.87  6.68962e-16
      8565.05  6.69865e-16
      8568.23  6.74207e-16
      8571.41  6.73225e-16
      8574.59  6.68214e-16
      8577.77  6.68635e-16
      8580.95  6.72780e-16
      8584.14  6.76672e-16
      8587.32  6.81756e-16
      8590.50  6.73212e-16
      8593.68  6.66100e-16
      8596.86  6.63980e-16
      8600.04  6.74078e-16
      8603.22  6.65016e-16
      8606.41  6.63539e-16
      8609.59  6.76286e-16
      8612.77  6.63833e-16
      8615.95  6.63155e-16
      8619.13  6.66292e-16
      8622.31  6.63892e-16
      8625.50  6.61444e-16
      8628.68  6.57089e-16
      8631.86  6.54438e-16
      8635.04  6.58606e-16
      8638.22  6.63393e-16
      8641.40  6.52664e-16
      8644.58  6.55149e-16
      8647.77  6.60780e-16
      8650.95  6.53590e-16
      8654.13  6.63252e-16
      8657.31  6.53474e-16
      8660.49  6.55861e-16
      8663.67  6.61181e-16
      8666.85  6.51380e-16
      8670.04  6.54399e-16
      8673.22  6.45959e-16
      8676.40  6.50320e-16
      8679.58  6.40590e-16
      8682.76  6.33787e-16
      8685.94  6.37462e-16
      8689.12  6.32432e-16
      8692.31  6.44014e-16
      8695.49  6.47607e-16
      8698.67  6.44890e-16
      8701.85  6.45617e-16
      8705.03  6.50128e-16
      8708.21  6.54123e-16
      8711.40  6.48001e-16
      8714.58  6.40352e-16
      8717.76  6.20459e-16
      8720.94  6.40171e-16
      8724.12  6.38108e-16
      8727.30  6.16039e-16
      8730.48  6.21006e-16
      8733.67  6.22466e-16
      8736.85  6.15315e-16
      8740.03  6.14112e-16
      8743.21  6.25688e-16
      8746.39  6.20136e-16
      8749.57  6.33938e-16
      8752.75  6.25735e-16
      8755.94  6.15352e-16
      8759.12  6.27271e-16
      8762.30  6.27537e-16
      8765.48  6.21312e-16
      8768.66  6.20078e-16
      8771.84  6.11294e-16
      8775.02  6.08181e-16
      8778.21  6.03419e-16
      8781.39  6.06070e-16
      8784.57  6.05361e-16
      8787.75  6.03093e-16
      8790.93  5.98552e-16
      8794.11  6.04475e-16
      8797.29  6.07110e-16
      8800.48  6.01036e-16
      8803.66  6.07048e-16
      8806.84  6.09557e-16
      8810.02  6.01575e-16
      8813.20  5.95623e-16
      8816.38  5.99871e-16
      8819.56  6.04491e-16
      8822.75  6.02829e-16
      8825.93  5.94821e-16
      8829.11  5.85084e-16
      8832.29  5.96117e-16
      8835.47  5.89663e-16
      8838.65  5.95230e-16
      8841.84  5.94370e-16
      8845.02  6.06281e-16
      8848.20  5.89556e-16
      8851.38  5.92920e-16
      8854.56  5.89328e-16
      8857.74  5.80928e-16
      8860.92  5.86351e-16
      8864.11  5.87845e-16
      8867.29  5.91183e-16
      8870.47  5.85466e-16
      8873.65  5.78369e-16
      8876.83  5.85727e-16
      8880.01  5.99653e-16
      8883.19  5.67981e-16
      8886.38  5.66077e-16
      8889.56  5.72327e-16
      8892.74  5.70668e-16
      8895.92  5.62212e-16
      8899.10  5.68022e-16
      8902.28  5.74278e-16
      8905.46  5.66716e-16
      8908.65  5.60572e-16
      8911.83  5.27187e-16
      8915.01  5.43340e-16
      8918.19  5.80034e-16
      8921.37  5.65450e-16
      8924.55  5.52624e-16
      8927.74  5.62481e-16
      8930.92  5.60534e-16
      8934.10  5.70009e-16
      8937.28  5.44741e-16
      8940.46  5.32611e-16
      8943.64  5.63567e-16
      8946.82  5.50009e-16
      8950.00  5.58259e-16
      8953.19  5.60669e-16
      8956.37  5.77197e-16
      8959.55  5.76963e-16
      8962.73  5.75321e-16
      8965.91  5.67417e-16
      8969.09  5.64126e-16
      8972.28  5.68293e-16
      8975.46  5.58291e-16
      8978.64  5.71364e-16
      8981.82  5.67772e-16
      8985.00  5.59255e-16
      8988.18  5.54266e-16
      8991.37  5.28549e-16
      8994.55  5.28129e-16
      8997.73  5.51981e-16
      9000.91  5.39276e-16
      9004.09  5.27848e-16
      9007.27  5.42007e-16
      9010.45  5.41289e-16
      9013.63  5.47406e-16
      9016.82  5.37831e-16
      9020.00  5.31911e-16
      9023.18  5.24197e-16
      9026.36  5.29929e-16
      9029.54  5.15208e-16
      9032.72  5.38829e-16
      9035.91  5.33985e-16
      9039.09  5.06255e-16
      9042.27  5.05210e-16
      9045.45  5.18473e-16
      9048.63  5.05566e-16
      9051.81  4.80790e-16
      9055.00  4.83436e-16
      9058.18  4.59350e-16
      9061.36  4.88309e-16
      9064.54  4.88661e-16
      9067.72  4.89029e-16
      9070.90  4.82676e-16
      9074.08  4.54213e-16
      9077.26  4.46806e-16
      9080.45  4.58240e-16
      9083.63  4.56940e-16
      9086.81  4.50180e-16
      9089.99  4.48671e-16
      9093.17  4.39339e-16
      9096.35  4.31269e-16
      9099.54  4.17204e-16
      9102.72  4.30212e-16
      9105.90  4.21091e-16
      9109.08  4.09523e-16
      9112.26  4.11222e-16
      9115.44  4.04412e-16
      9118.62  3.98605e-16
      9121.81  4.01952e-16
      9124.99  4.02343e-16
      9128.17  3.99827e-16
      9131.35  3.83275e-16
      9134.53  3.83510e-16
      9137.71  3.71773e-16
      9140.89  3.74192e-16
      9144.07  3.69577e-16
      9147.26  3.65039e-16
      9150.44  3.59875e-16
      9153.62  3.50025e-16
      9156.80  3.50865e-16
      9159.98  3.49232e-16
      9163.16  3.45291e-16
      9166.35  3.44687e-16
      9169.53  3.39715e-16
      9172.71  3.40417e-16
      9175.89  3.40868e-16
      9179.07  3.37088e-16
      9182.25  3.32769e-16
      9185.44  3.33897e-16
      9188.62  3.31179e-16
      9191.80  3.29404e-16
      9194.98  3.25105e-16
      9198.16  3.14838e-16
      9201.34  3.15028e-16
      9204.52  3.11022e-16
      9207.70  3.07428e-16
      9210.89  3.12132e-16
      9214.07  3.06812e-16
      9217.25  3.09430e-16
      9220.43  2.95733e-16
      9223.61  2.98895e-16
      9226.79  3.00213e-16
      9229.97  2.93983e-16
      9233.16  2.87661e-16
      9236.34  2.54974e-16
      9239.52  2.72736e-16
      9242.70  2.80866e-16
      9245.88  2.59969e-16
      9249.06  2.78616e-16
      9252.25  2.78963e-16
      9255.43  2.54281e-16
      9258.61  2.69034e-16
      9261.79  2.63016e-16
      9264.97  2.33692e-16
      9268.15  2.83446e-16
      9271.33  2.85102e-16
      9274.52  2.58178e-16
      9277.70  2.48502e-16
      9280.88  2.74922e-16
      9284.06  2.81281e-16
      9287.24  2.60733e-16
      9290.42  2.58783e-16
      9293.60  2.53367e-16
      9296.79  2.81988e-16
      9299.97  3.17359e-16
      9303.15  4.09392e-16
      9306.33  3.71513e-16
      9309.51  2.83564e-16
      9312.69  2.90263e-16
      9315.88  2.88219e-16
      9319.06  2.87654e-16
      9322.24  2.80253e-16
      9325.42  2.88560e-16
      9328.60  2.76024e-16
      9331.78  2.80130e-16
      9334.96  2.91044e-16
      9338.15  2.81886e-16
      9341.33  2.91842e-16
      9344.51  2.87940e-16
      9347.69  2.52134e-16
      9350.87  2.80368e-16
      9354.05  3.05664e-16
      9357.23  3.44273e-16
      9360.42  2.70602e-16
      9363.60  3.23144e-16
      9366.78  2.98445e-16
      9369.96  3.01421e-16
      9373.14  2.86095e-16
      9376.32  2.91927e-16
      9379.50  2.85729e-16
      9382.69  3.65489e-16
      9385.87  3.00321e-16
      9389.05  3.09585e-16
      9392.23  3.74205e-16
      9395.41  3.78626e-16
      9398.59  3.64321e-16
      9401.77  3.34478e-16
      9404.96  3.19444e-16
      9408.14  3.21509e-16
      9411.32  3.02571e-16
      9414.50  3.06687e-16
      9417.68  3.77492e-16
      9420.86  3.96928e-16
      9424.04  3.91089e-16
      9427.23  4.02880e-16
      9430.41  3.34990e-16
      9433.59  3.89839e-16
      9436.77  4.11341e-16
      9439.95  4.09222e-16
      9443.13  4.02015e-16
      9446.32  3.33096e-16
      9449.50  4.01185e-16
      9452.68  3.35195e-16
      9455.86  4.16047e-16
      9459.04  3.64330e-16
      9462.22  3.91703e-16
      9465.40  3.62547e-16
      9468.59  4.39583e-16
      9471.77  4.12733e-16
      9474.95  4.05825e-16
      9478.13  4.29799e-16
      9481.31  3.90570e-16
      9484.49  4.03573e-16
      9487.67  3.98366e-16
      9490.86  4.25104e-16
      9494.04  4.17366e-16
      9497.22  4.02493e-16
      9500.40  3.88301e-16
      9503.58  4.09778e-16
      9506.76  3.94570e-16
      9509.95  3.96858e-16
      9513.13  4.01629e-16
      9516.31  4.10422e-16
      9519.49  4.08370e-16
      9522.67  3.98572e-16
      9525.85  4.04851e-16
      9529.03  4.13673e-16
      9532.21  4.10317e-16
      9535.40  4.04921e-16
      9538.58  3.94964e-16
      9541.76  3.96144e-16
      9544.94  4.10736e-16
      9548.12  4.12412e-16
      9551.30  4.07945e-16
      9554.49  3.96741e-16
      9557.67  4.02871e-16
      9560.85  4.06951e-16
      9564.03  4.04505e-16
      9567.21  4.04890e-16
      9570.39  4.15906e-16
      9573.57  4.05541e-16
      9576.76  4.06850e-16
      9579.94  3.95428e-16
      9583.12  4.04409e-16
      9586.30  4.02863e-16
      9589.48  4.03129e-16
      9592.66  4.16536e-16
      9595.84  4.05168e-16
      9599.03  3.96186e-16
      9602.21  4.06297e-16
      9605.39  4.09839e-16
      9608.57  4.04950e-16
      9611.75  4.00163e-16
      9614.93  4.05906e-16
      9618.11  3.87078e-16
      9621.30  3.98342e-16
      9624.48  4.05575e-16
      9627.66  4.01240e-16
      9630.84  3.97847e-16
      9634.02  3.91691e-16
      9637.20  4.07873e-16
      9640.39  3.91114e-16
      9643.57  3.96707e-16
      9646.75  4.00698e-16
      9649.93  3.89410e-16
      9653.11  3.62432e-16
      9656.29  3.87341e-16
      9659.47  3.80963e-16
      9662.66  3.83645e-16
      9665.84  3.75513e-16
      9669.02  3.75690e-16
      9672.20  3.68233e-16
      9675.38  3.72504e-16
      9678.56  3.71999e-16
      9681.74  3.76369e-16
      9684.93  3.82177e-16
      9688.11  3.77427e-16
      9691.29  3.80547e-16
      9694.47  3.76815e-16
      9697.65  3.63077e-16
      9700.83  3.67887e-16
      9704.01  3.77863e-16
      9707.20  3.64502e-16
      9710.38  3.67954e-16
      9713.56  3.55388e-16
      9716.74  3.63771e-16
      9719.92  3.66279e-16
      9723.10  3.66648e-16
      9726.29  3.64980e-16
      9729.47  3.70164e-16
      9732.65  3.68758e-16
      9735.83  3.58340e-16
      9739.01  3.57053e-16
      9742.19  3.59099e-16
      9745.37  3.60632e-16
      9748.56  3.52813e-16
      9751.74  3.66788e-16
      9754.92  3.55127e-16
      9758.10  3.55984e-16
      9761.28  3.50615e-16
      9764.46  3.50377e-16
      9767.64  3.52027e-16
      9770.83  3.43459e-16
      9774.01  3.47599e-16
      9777.19  3.49611e-16
      9780.37  3.52349e-16
      9783.55  3.59339e-16
      9786.73  3.58991e-16
      9789.91  3.55234e-16
      9793.10  3.44856e-16
      9796.28  3.55971e-16
      9799.46  3.40433e-16
      9802.64  3.38516e-16
      9805.82  3.30444e-16
      9809.00  3.45843e-16
      9812.19  3.37775e-16
      9815.37  3.39308e-16
      9818.55  3.41188e-16
      9821.73  3.44965e-16
      9824.91  3.45327e-16
      9828.09  3.53428e-16
      9831.27  3.59499e-16
      9834.46  3.32785e-16
      9837.64  3.43473e-16
      9840.82  3.34668e-16
      9844.00  3.27511e-16
      9847.18  3.31661e-16
      9850.36  3.25081e-16
      9853.54  3.33542e-16
      9856.72  3.20270e-16
      9859.91  3.28048e-16
      9863.09  3.35056e-16
      9866.27  3.33628e-16
      9869.45  3.51025e-16
      9872.63  3.27818e-16
      9875.81  3.37220e-16
      9879.00  3.27148e-16
      9882.18  3.20635e-16
      9885.36  3.27669e-16
      9888.54  3.22837e-16
      9891.72  3.21988e-16
      9894.90  3.22301e-16
      9898.08  3.14193e-16
      9901.27  3.25385e-16
      9904.45  3.25557e-16
      9907.63  3.32485e-16
      9910.81  3.10021e-16
      9913.99  3.18979e-16
      9917.17  3.30030e-16
      9920.35  3.25465e-16
      9923.54  3.27916e-16
      9926.72  3.34255e-16
      9929.90  3.22764e-16
      9933.08  3.01641e-16
      9936.26  3.17106e-16
      9939.44  3.14481e-16
      9942.62  3.19180e-16
      9945.81  3.18689e-16
      9948.99  3.17712e-16
      9952.17  3.16103e-16
      9955.35  3.14206e-16
      9958.53  3.13980e-16
      9961.71  3.16246e-16
      9964.90  3.23734e-16
      9968.08  3.16076e-16
      9971.26  3.09817e-16
      9974.44  3.10186e-16
      9977.62  3.11611e-16
      9980.80  3.15115e-16
      9983.98  3.07779e-16
      9987.17  3.06763e-16
      9990.35  3.08386e-16
      9993.53  3.10869e-16
      9996.71  3.28616e-16
      9999.89  3.06038e-16
      10003.1  3.10212e-16
      10006.3  3.08931e-16
      10009.4  3.19642e-16
      10012.6  3.05232e-16
      10015.8  3.20956e-16
      10019.0  2.92812e-16
      10022.2  3.03612e-16
      10025.3  3.09604e-16
      10028.5  3.04148e-16
      10031.7  2.94921e-16
      10034.9  3.04631e-16
      10038.1  2.89381e-16
      10041.3  2.87083e-16
      10044.4  2.98296e-16
      10047.6  2.97516e-16
      10050.8  2.93105e-16
      10054.0  2.78896e-16
      10057.2  2.90959e-16
      10060.3  2.77437e-16
      10063.5  2.96737e-16
      10066.7  2.79471e-16
      10069.9  2.82253e-16
      10073.1  2.81584e-16
      10076.2  2.77058e-16
      10079.4  2.80370e-16
      10082.6  2.92017e-16
      10085.8  2.92860e-16
      10089.0  2.70624e-16
      10092.2  2.70937e-16
      10095.3  2.68263e-16
      10098.5  2.64964e-16
      10101.7  2.75053e-16
      10104.9  2.79913e-16
      10108.1  2.56818e-16
      10111.2  2.76389e-16
      10114.4  2.67836e-16
      10117.6  2.73313e-16
      10120.8  2.97912e-16
      10124.0  2.66019e-16
      10127.2  2.60280e-16
      10130.3  2.63235e-16
      10133.5  2.60206e-16
      10136.7  2.59811e-16
      10139.9  2.73383e-16
      10143.1  2.60774e-16
      10146.2  2.48418e-16
      10149.4  2.64189e-16
      10152.6  2.55126e-16
      10155.8  2.45567e-16
      10159.0  2.55802e-16
      10162.1  2.63425e-16
      10165.3  2.70942e-16
      10168.5  2.47010e-16
      10171.7  2.56351e-16
      10174.9  2.55209e-16
      10178.1  2.60171e-16
      10181.2  2.66363e-16
      10184.4  2.42285e-16
      10187.6  2.65815e-16
      10190.8  2.53301e-16
      10194.0  2.31431e-16
      10197.1  2.69221e-16
      10200.3  1.84812e-16
      10203.5  2.61890e-16
      10206.7  2.50448e-16
      10209.9  2.56299e-16
      10213.0  2.40433e-16
      10216.2  2.64578e-16
      10219.4  2.28911e-16
