      3280.45  5.66730e-16
      3283.63  5.44885e-16
      3286.81  5.38296e-16
      3289.99  5.64166e-16
      3293.18  5.47153e-16
      3296.36  5.76211e-16
      3299.54  5.91779e-16
      3302.72  5.72057e-16
      3305.91  5.56212e-16
      3309.09  5.77034e-16
      3312.27  6.17993e-16
      3315.45  6.88721e-16
      3318.64  6.44641e-16
      3321.82  6.90253e-16
      3325.00  6.78056e-16
      3328.18  7.26763e-16
      3331.36  7.54797e-16
      3334.55  8.24204e-16
      3337.73  7.90930e-16
      3340.91  8.82540e-16
      3344.09  8.64754e-16
      3347.28  8.87893e-16
      3350.46  8.62608e-16
      3353.64  8.56559e-16
      3356.82  8.77756e-16
      3360.00  8.99965e-16
      3363.19  8.23355e-16
      3366.37  8.99394e-16
      3369.55  8.49098e-16
      3372.73  9.21796e-16
      3375.92  8.78559e-16
      3379.10  8.92176e-16
      3382.28  8.64137e-16
      3385.46  9.13803e-16
      3388.65  9.13047e-16
      3391.83  9.05027e-16
      3395.01  9.28956e-16
      3398.19  9.62208e-16
      3401.38  9.55485e-16
      3404.56  1.05089e-15
      3407.74  9.25947e-16
      3410.92  9.63384e-16
      3414.10  9.75400e-16
      3417.29  9.84891e-16
      3420.47  1.02476e-15
      3423.65  9.96182e-16
      3426.83  1.04615e-15
      3430.02  1.07217e-15
      3433.20  1.05578e-15
      3436.38  1.07133e-15
      3439.56  1.13709e-15
      3442.74  1.17071e-15
      3445.93  1.15918e-15
      3449.11  1.16287e-15
      3452.29  1.18879e-15
      3455.47  1.23070e-15
      3458.66  1.25993e-15
      3461.84  1.19619e-15
      3465.02  1.25195e-15
      3468.20  1.24187e-15
      3471.39  1.27424e-15
      3474.57  1.35656e-15
      3477.75  1.28344e-15
      3480.93  1.29590e-15
      3484.11  1.31239e-15
      3487.30  1.32422e-15
      3490.48  1.33562e-15
      3493.66  1.35258e-15
      3496.84  1.39314e-15
      3500.03  1.37332e-15
      3503.21  1.36475e-15
      3506.39  1.38999e-15
      3509.57  1.38099e-15
      3512.76  1.41862e-15
      3515.94  1.45134e-15
      3519.12  1.39738e-15
      3522.30  1.44686e-15
      3525.48  1.45761e-15
      3528.67  1.47750e-15
      3531.85  1.42025e-15
      3535.03  1.52720e-15
      3538.21  1.47141e-15
      3541.40  1.51895e-15
      3544.58  1.55556e-15
      3547.76  1.61768e-15
      3550.94  1.61066e-15
      3554.12  1.68600e-15
      3557.31  1.74443e-15
      3560.49  1.69699e-15
      3563.67  1.70952e-15
      3566.85  1.73401e-15
      3570.04  1.76484e-15
      3573.22  1.76944e-15
      3576.40  1.76248e-15
      3579.58  1.73564e-15
      3582.77  1.74738e-15
      3585.95  1.76343e-15
      3589.13  1.74861e-15
      3592.31  1.75544e-15
      3595.49  1.72207e-15
      3598.68  1.74551e-15
      3601.86  1.77083e-15
      3605.04  1.74071e-15
      3608.22  1.74207e-15
      3611.41  1.73302e-15
      3614.59  1.75422e-15
      3617.77  1.73324e-15
      3620.95  1.72404e-15
      3624.14  1.68514e-15
      3627.32  1.70756e-15
      3630.50  1.71786e-15
      3633.68  1.66361e-15
      3636.86  1.64987e-15
      3640.05  1.61110e-15
      3643.23  1.57085e-15
      3646.41  1.52769e-15
      3649.59  1.51259e-15
      3652.78  1.43829e-15
      3655.96  1.42240e-15
      3659.14  1.39587e-15
      3662.32  1.35021e-15
      3665.51  1.31436e-15
      3668.69  1.28539e-15
      3671.87  1.23218e-15
      3675.05  1.24305e-15
      3678.23  1.18116e-15
      3681.42  1.13973e-15
      3684.60  1.14913e-15
      3687.78  1.09297e-15
      3690.96  1.05811e-15
      3694.15  1.04849e-15
      3697.33  1.02926e-15
      3700.51  9.76953e-16
      3703.69  9.84513e-16
      3706.88  9.82020e-16
      3710.06  1.01125e-15
      3713.24  1.01624e-15
      3716.42  9.99662e-16
      3719.60  1.03232e-15
      3722.79  1.05943e-15
      3725.97  1.10062e-15
      3729.15  1.08513e-15
      3732.33  1.14816e-15
      3735.52  1.17295e-15
      3738.70  1.26199e-15
      3741.88  1.27030e-15
      3745.06  1.32899e-15
      3748.25  1.32140e-15
      3751.43  1.36553e-15
      3754.61  1.33682e-15
      3757.79  1.32674e-15
      3760.97  1.27831e-15
      3764.16  1.32768e-15
      3767.34  1.28513e-15
      3770.52  1.21039e-15
      3773.70  1.14873e-15
      3776.89  1.14598e-15
      3780.07  1.12739e-15
      3783.25  1.12281e-15
      3786.43  1.08120e-15
      3789.62  1.11228e-15
      3792.80  1.04960e-15
      3795.98  1.01718e-15
      3799.16  1.01896e-15
      3802.34  1.00891e-15
      3805.53  9.97496e-16
      3808.71  1.00462e-15
      3811.89  1.02551e-15
      3815.07  1.05750e-15
      3818.26  1.08036e-15
      3821.44  1.10237e-15
      3824.62  1.15387e-15
      3827.80  1.19598e-15
      3830.99  1.22126e-15
      3834.17  1.27028e-15
      3837.35  1.34577e-15
      3840.53  1.39419e-15
      3843.71  1.42764e-15
      3846.90  1.48456e-15
      3850.08  1.60751e-15
      3853.26  1.66314e-15
      3856.44  1.71337e-15
      3859.63  1.77417e-15
      3862.81  1.87157e-15
      3865.99  1.97108e-15
      3869.17  2.04230e-15
      3872.35  2.11228e-15
      3875.54  2.18844e-15
      3878.72  2.26790e-15
      3881.90  2.26751e-15
      3885.08  2.31812e-15
      3888.27  2.33430e-15
      3891.45  2.29431e-15
      3894.63  2.27192e-15
      3897.81  2.34184e-15
      3901.00  2.38314e-15
      3904.18  2.38430e-15
      3907.36  2.43378e-15
      3910.54  2.43246e-15
      3913.72  2.42373e-15
      3916.91  2.45482e-15
      3920.09  2.45890e-15
      3923.27  2.44183e-15
      3926.45  2.47599e-15
      3929.64  2.51974e-15
      3932.82  2.51226e-15
      3936.00  2.58285e-15
      3939.18  2.59170e-15
      3942.37  2.57820e-15
      3945.55  2.54695e-15
      3948.73  2.52168e-15
      3951.91  2.60617e-15
      3955.09  2.56106e-15
      3958.28  2.50937e-15
      3961.46  2.53511e-15
      3964.64  2.53211e-15
      3967.82  2.53846e-15
      3971.01  2.53329e-15
      3974.19  2.45149e-15
      3977.37  2.47963e-15
      3980.55  2.49753e-15
      3983.74  2.52563e-15
      3986.92  2.49538e-15
      3990.10  2.50418e-15
      3993.28  2.51794e-15
      3996.46  2.51130e-15
      3999.65  2.50720e-15
      4002.83  2.49917e-15
      4006.01  2.56125e-15
      4009.19  2.53118e-15
      4012.38  2.55670e-15
      4015.56  2.60131e-15
      4018.74  2.60698e-15
      4021.92  2.69339e-15
      4025.11  2.73947e-15
      4028.29  2.76512e-15
      4031.47  2.75066e-15
      4034.65  2.82565e-15
      4037.83  2.88757e-15
      4041.02  2.82029e-15
      4044.20  2.90161e-15
      4047.38  2.89061e-15
      4050.56  2.96607e-15
      4053.75  2.97394e-15
      4056.93  2.98242e-15
      4060.11  3.03701e-15
      4063.29  3.02439e-15
      4066.48  3.06972e-15
      4069.66  3.04935e-15
      4072.84  3.01245e-15
      4076.02  3.05517e-15
      4079.20  3.01082e-15
      4082.39  2.97713e-15
      4085.57  2.93764e-15
      4088.75  2.91737e-15
      4091.93  2.90994e-15
      4095.12  2.81633e-15
      4098.30  2.80558e-15
      4101.48  2.81539e-15
      4104.66  2.73324e-15
      4107.84  2.67960e-15
      4111.03  2.59505e-15
      4114.21  2.58838e-15
      4117.39  2.55872e-15
      4120.57  2.50172e-15
      4123.76  2.45379e-15
      4126.94  2.42199e-15
      4130.12  2.36164e-15
      4133.30  2.35301e-15
      4136.49  2.32451e-15
      4139.67  2.26871e-15
      4142.85  2.25173e-15
      4146.03  2.26375e-15
      4149.21  2.23968e-15
      4152.40  2.22523e-15
      4155.58  2.21593e-15
      4158.76  2.21582e-15
      4161.94  2.22745e-15
      4165.13  2.20084e-15
      4168.31  2.22599e-15
      4171.49  2.22296e-15
      4174.67  2.20568e-15
      4177.86  2.27689e-15
      4181.04  2.26544e-15
      4184.22  2.24013e-15
      4187.40  2.25619e-15
      4190.58  2.22884e-15
      4193.77  2.19278e-15
      4196.95  2.20718e-15
      4200.13  2.19681e-15
      4203.31  2.17064e-15
      4206.50  2.16628e-15
      4209.68  2.15018e-15
      4212.86  2.14932e-15
      4216.04  2.10568e-15
      4219.23  2.08720e-15
      4222.41  2.04064e-15
      4225.59  2.03818e-15
      4228.77  2.01323e-15
      4231.95  1.98549e-15
      4235.14  1.96785e-15
      4238.32  1.95225e-15
      4241.50  1.91047e-15
      4244.68  1.90815e-15
      4247.87  1.87867e-15
      4251.05  1.88060e-15
      4254.23  1.85493e-15
      4257.41  1.81641e-15
      4260.60  1.80665e-15
      4263.78  1.80042e-15
      4266.96  1.76508e-15
      4270.14  1.75535e-15
      4273.32  1.73217e-15
      4276.51  1.68100e-15
      4279.69  1.62988e-15
      4282.87  1.62965e-15
      4286.05  1.59665e-15
      4289.24  1.57432e-15
      4292.42  1.54561e-15
      4295.60  1.53312e-15
      4298.78  1.53462e-15
      4301.96  1.50052e-15
      4305.15  1.45842e-15
      4308.33  1.49141e-15
      4311.51  1.49598e-15
      4314.69  1.47667e-15
      4317.88  1.48040e-15
      4321.06  1.50299e-15
      4324.24  1.55386e-15
      4327.42  1.53586e-15
      4330.61  1.54455e-15
      4333.79  1.58559e-15
      4336.97  1.56912e-15
      4340.15  1.62840e-15
      4343.33  1.60924e-15
      4346.52  1.64643e-15
      4349.70  1.66013e-15
      4352.88  1.67571e-15
      4356.06  1.72833e-15
      4359.25  1.74891e-15
      4362.43  1.75036e-15
      4365.61  1.79105e-15
      4368.79  1.80416e-15
      4371.98  1.82993e-15
      4375.16  1.84485e-15
      4378.34  1.85048e-15
      4381.52  1.88509e-15
      4384.70  1.93215e-15
      4387.89  1.96518e-15
      4391.07  1.98583e-15
      4394.25  2.01690e-15
      4397.43  2.04552e-15
      4400.62  2.04836e-15
      4403.80  2.08850e-15
      4406.98  2.13273e-15
      4410.16  2.16337e-15
      4413.35  2.19122e-15
      4416.53  2.22169e-15
      4419.71  2.22729e-15
      4422.89  2.22111e-15
      4426.07  2.25454e-15
      4429.26  2.32094e-15
      4432.44  2.31079e-15
      4435.62  2.34175e-15
      4438.80  2.37353e-15
      4441.99  2.37122e-15
      4445.17  2.39377e-15
      4448.35  2.41968e-15
      4451.53  2.40425e-15
      4454.72  2.44048e-15
      4457.90  2.42864e-15
      4461.08  2.44538e-15
      4464.26  2.43877e-15
      4467.44  2.42849e-15
      4470.63  2.44549e-15
      4473.81  2.46622e-15
      4476.99  2.46967e-15
      4480.17  2.49580e-15
      4483.36  2.50315e-15
      4486.54  2.50704e-15
      4489.72  2.49003e-15
      4492.90  2.48965e-15
      4496.09  2.49532e-15
      4499.27  2.49057e-15
      4502.45  2.48346e-15
      4505.63  2.50015e-15
      4508.81  2.45375e-15
      4512.00  2.44843e-15
      4515.18  2.45040e-15
      4518.36  2.45900e-15
      4521.54  2.44782e-15
      4524.73  2.40393e-15
      4527.91  2.36825e-15
      4531.09  2.36607e-15
      4534.27  2.33053e-15
      4537.46  2.31824e-15
      4540.64  2.29508e-15
      4543.82  2.29978e-15
      4547.00  2.25891e-15
      4550.18  2.22948e-15
      4553.37  2.20855e-15
      4556.55  2.22390e-15
      4559.73  2.18668e-15
      4562.91  2.17983e-15
      4566.10  2.18700e-15
      4569.28  2.17195e-15
      4572.46  2.16117e-15
      4575.64  2.16796e-15
      4578.83  2.13585e-15
      4582.01  2.16329e-15
      4585.19  2.15788e-15
      4588.37  2.15194e-15
      4591.55  2.16070e-15
      4594.74  2.18139e-15
      4597.92  2.19453e-15
      4601.10  2.22297e-15
      4604.28  2.18011e-15
      4607.47  2.19460e-15
      4610.65  2.20570e-15
      4613.83  2.21383e-15
      4617.01  2.20954e-15
      4620.19  2.22779e-15
      4623.38  2.22628e-15
      4626.56  2.22229e-15
      4629.74  2.21815e-15
      4632.92  2.18348e-15
      4636.11  2.20183e-15
      4639.29  2.20399e-15
      4642.47  2.20162e-15
      4645.65  2.20126e-15
      4648.84  2.17084e-15
      4652.02  2.18835e-15
      4655.20  2.18131e-15
      4658.38  2.16012e-15
      4661.56  2.20004e-15
      4664.75  2.14584e-15
      4667.93  2.15430e-15
      4671.11  2.15377e-15
      4674.29  2.17070e-15
      4677.48  2.10555e-15
      4680.66  2.16251e-15
      4683.84  2.12122e-15
      4687.02  2.11708e-15
      4690.21  2.11480e-15
      4693.39  2.10001e-15
      4696.57  2.09831e-15
      4699.75  2.04149e-15
      4702.93  2.01898e-15
      4706.12  1.99711e-15
      4709.30  2.00716e-15
      4712.48  1.98348e-15
      4715.66  1.97135e-15
      4718.85  1.96806e-15
      4722.03  1.91643e-15
      4725.21  1.95208e-15
      4728.39  1.94264e-15
      4731.58  1.93141e-15
      4734.76  1.92759e-15
      4737.94  1.92541e-15
      4741.12  1.93304e-15
      4744.30  1.91226e-15
      4747.49  1.90756e-15
      4750.67  1.89333e-15
      4753.85  1.89213e-15
      4757.03  1.85836e-15
      4760.22  1.86184e-15
      4763.40  1.83952e-15
      4766.58  1.85153e-15
      4769.76  1.83529e-15
      4772.95  1.81577e-15
      4776.13  1.83674e-15
      4779.31  1.83681e-15
      4782.49  1.81887e-15
      4785.67  1.81585e-15
      4788.86  1.81033e-15
      4792.04  1.79489e-15
      4795.22  1.74346e-15
      4798.40  1.74881e-15
      4801.59  1.74847e-15
      4804.77  1.71930e-15
      4807.95  1.70975e-15
      4811.13  1.70460e-15
      4814.31  1.70106e-15
      4817.50  1.70396e-15
      4820.68  1.70009e-15
      4823.86  1.65557e-15
      4827.04  1.68050e-15
      4830.23  1.65564e-15
      4833.41  1.64446e-15
      4836.59  1.62318e-15
      4839.77  1.62172e-15
      4842.96  1.58836e-15
      4846.14  1.57691e-15
      4849.32  1.63043e-15
      4852.50  1.58282e-15
      4855.68  1.58284e-15
      4858.87  1.58223e-15
      4862.05  1.61107e-15
      4865.23  1.59493e-15
      4868.41  1.60611e-15
      4871.60  1.62510e-15
      4874.78  1.62722e-15
      4877.96  1.64912e-15
      4881.14  1.68513e-15
      4884.33  1.70977e-15
      4887.51  1.71298e-15
      4890.69  1.72970e-15
      4893.87  1.73089e-15
      4897.05  1.75672e-15
      4900.24  1.73902e-15
      4903.42  1.71274e-15
      4906.60  1.73099e-15
      4909.78  1.76102e-15
      4912.97  1.72363e-15
      4916.15  1.64136e-15
      4919.33  1.62461e-15
      4922.51  1.61882e-15
      4925.70  1.60827e-15
      4928.88  1.56911e-15
      4932.06  1.54522e-15
      4935.24  1.49197e-15
      4938.42  1.48391e-15
      4941.61  1.45701e-15
      4944.79  1.42675e-15
      4947.97  1.40525e-15
      4951.15  1.36978e-15
      4954.34  1.37657e-15
      4957.52  1.34808e-15
      4960.70  1.33519e-15
      4963.88  1.29647e-15
      4967.06  1.31098e-15
      4970.25  1.27968e-15
      4973.43  1.24404e-15
      4976.61  1.26180e-15
      4979.79  1.21668e-15
      4982.98  1.19269e-15
      4986.16  1.20394e-15
      4989.34  1.16800e-15
      4992.52  1.16577e-15
      4995.71  1.14573e-15
      4998.89  1.15189e-15
      5002.07  1.16168e-15
      5005.25  1.15949e-15
      5008.44  1.18585e-15
      5011.62  1.16630e-15
      5014.80  1.15976e-15
      5017.98  1.14462e-15
      5021.16  1.17187e-15
      5024.35  1.15979e-15
      5027.53  1.20596e-15
      5030.71  1.20105e-15
      5033.89  1.19819e-15
      5037.08  1.21838e-15
      5040.26  1.24139e-15
      5043.44  1.24016e-15
      5046.62  1.27102e-15
      5049.81  1.27621e-15
      5052.99  1.33141e-15
      5056.17  1.51271e-15
      5059.35  1.47264e-15
      5062.53  1.39975e-15
      5065.72  1.38753e-15
      5068.90  1.40776e-15
      5072.08  1.42745e-15
      5075.26  1.46265e-15
      5078.45  1.47524e-15
      5081.63  1.50340e-15
      5084.81  1.52708e-15
      5087.99  1.53873e-15
      5091.18  1.57649e-15
      5094.36  1.59957e-15
      5097.54  1.60133e-15
      5100.72  1.64163e-15
      5103.90  1.63721e-15
      5107.09  1.65565e-15
      5110.27  1.69119e-15
      5113.45  1.69054e-15
      5116.63  1.73325e-15
      5119.82  1.73586e-15
      5123.00  1.73534e-15
      5126.18  1.76477e-15
      5129.36  1.77429e-15
      5132.54  1.79145e-15
      5135.73  1.76911e-15
      5138.91  1.77249e-15
      5142.09  1.79506e-15
      5145.27  1.76439e-15
      5148.46  1.74894e-15
      5151.64  1.77029e-15
      5154.82  1.75066e-15
      5158.00  1.73618e-15
      5161.19  1.74790e-15
      5164.37  1.73695e-15
      5167.55  1.79220e-15
      5170.73  1.75919e-15
      5173.91  1.77387e-15
      5177.10  1.75542e-15
      5180.28  1.73372e-15
      5183.46  1.75587e-15
      5186.64  1.72495e-15
      5189.83  1.74165e-15
      5193.01  1.71914e-15
      5196.19  1.71209e-15
      5199.37  1.73261e-15
      5202.56  1.70209e-15
      5205.74  1.72986e-15
      5208.92  1.70803e-15
      5212.10  1.68913e-15
      5215.28  1.64650e-15
      5218.47  1.67535e-15
      5221.65  1.66717e-15
      5224.83  1.62106e-15
      5228.01  1.57916e-15
      5231.20  1.59708e-15
      5234.38  1.60419e-15
      5237.56  1.56826e-15
      5240.74  1.54709e-15
      5243.93  1.50286e-15
      5247.11  1.47918e-15
      5250.29  1.45514e-15
      5253.47  1.45733e-15
      5256.65  1.43583e-15
      5259.84  1.41450e-15
      5263.02  1.39602e-15
      5266.20  1.37496e-15
      5269.38  1.38275e-15
      5272.57  1.36635e-15
      5275.75  1.36327e-15
      5278.93  1.35419e-15
      5282.11  1.35329e-15
      5285.29  1.32664e-15
      5288.48  1.32302e-15
      5291.66  1.33250e-15
      5294.84  1.32240e-15
      5298.02  1.32625e-15
      5301.21  1.31485e-15
      5304.39  1.32610e-15
      5307.57  1.34115e-15
      5310.75  1.31574e-15
      5313.94  1.32149e-15
      5317.12  1.29837e-15
      5320.30  1.29097e-15
      5323.48  1.29002e-15
      5326.67  1.28686e-15
      5329.85  1.27434e-15
      5333.03  1.25594e-15
      5336.21  1.28392e-15
      5339.39  1.26945e-15
      5342.58  1.26822e-15
      5345.76  1.24739e-15
      5348.94  1.27133e-15
      5352.12  1.17497e-15
      5355.31  1.16077e-15
      5358.49  1.11234e-15
      5361.67  1.10964e-15
      5364.85  1.21901e-15
      5368.04  1.25692e-15
      5371.22  1.26574e-15
      5374.40  1.28639e-15
      5377.58  1.28798e-15
      5380.76  1.26122e-15
      5383.95  1.27429e-15
      5387.13  1.28401e-15
      5390.31  1.26910e-15
      5393.49  1.29145e-15
      5396.68  1.27636e-15
      5399.86  1.26312e-15
      5403.04  1.26431e-15
      5406.22  1.23926e-15
      5409.40  1.25526e-15
      5412.59  1.25533e-15
      5415.77  1.22508e-15
      5418.95  1.22733e-15
      5422.13  1.25707e-15
      5425.32  1.21523e-15
      5428.50  1.18835e-15
      5431.68  1.19045e-15
      5434.86  1.19690e-15
      5438.05  1.17490e-15
      5441.23  1.17797e-15
      5444.41  1.20022e-15
      5447.59  1.21587e-15
      5450.77  1.19278e-15
      5453.96  1.22829e-15
      5457.14  1.24455e-15
      5460.32  1.24857e-15
      5463.50  1.25950e-15
      5466.69  1.27934e-15
      5469.87  1.32177e-15
      5473.05  1.31746e-15
      5476.23  1.34698e-15
      5479.42  1.37463e-15
      5482.60  1.37884e-15
      5485.78  1.37815e-15
      5488.96  1.38831e-15
      5492.14  1.38240e-15
      5495.33  1.41365e-15
      5498.51  1.42218e-15
      5501.69  1.42022e-15
      5504.87  1.44980e-15
      5508.06  1.43960e-15
      5511.24  1.46526e-15
      5514.42  1.48375e-15
      5517.60  1.42987e-15
      5520.78  1.43862e-15
      5523.97  1.46741e-15
      5527.15  1.49283e-15
      5530.33  1.45282e-15
      5533.51  1.47095e-15
      5536.70  1.46726e-15
      5539.88  1.48442e-15
      5543.06  1.46610e-15
      5546.24  1.48396e-15
      5549.43  1.48855e-15
      5552.61  1.48963e-15
      5555.79  1.47534e-15
      5558.97  1.45681e-15
      5562.15  1.48430e-15
      5565.34  1.48577e-15
      5568.52  1.50568e-15
      5571.70  1.47255e-15
      5574.88  1.46854e-15
      5578.07  1.45864e-15
      5581.25  1.47854e-15
      5584.43  1.45849e-15
      5587.61  1.43860e-15
      5590.80  1.41551e-15
      5593.98  1.45586e-15
      5597.16  1.43308e-15
      5600.34  1.45466e-15
      5603.52  1.44393e-15
      5606.71  1.44652e-15
      5609.89  1.42173e-15
      5613.07  1.42159e-15
      5616.25  1.41672e-15
      5619.44  1.41880e-15
      5622.62  1.39754e-15
      5625.80  1.40840e-15
      5628.98  1.37717e-15
      5632.17  1.36359e-15
      5635.35  1.39676e-15
      5638.53  1.39332e-15
      5641.71  1.36747e-15
      5644.90  1.37282e-15
      5648.08  1.36543e-15
      5651.26  1.32665e-15
      5654.44  1.34398e-15
      5657.62  1.33554e-15
      5660.81  1.33624e-15
      5663.99  1.32807e-15
      5667.17  1.33863e-15
      5670.35  1.37071e-15
      5673.54  1.36518e-15
      5676.72  1.33453e-15
      5679.90  1.31398e-15
      5683.08  1.33609e-15
      5686.27  1.35591e-15
      5689.45  1.33944e-15
      5692.63  1.33456e-15
      5695.81  1.31985e-15
      5698.99  1.32056e-15
      5702.18  1.34207e-15
      5705.36  1.35816e-15
      5708.54  1.36238e-15
      5711.72  1.33683e-15
      5714.91  1.35552e-15
      5718.09  1.33548e-15
      5721.27  1.33666e-15
      5724.45  1.34461e-15
      5727.63  1.34281e-15
      5730.82  1.35299e-15
      5734.00  1.34176e-15
      5737.18  1.32103e-15
      5740.36  1.32002e-15
      5743.55  1.47734e-15
      5746.73  1.71004e-15
      5749.91  1.69483e-15
      5753.09  1.29609e-15
      5756.28  1.30231e-15
      5759.46  1.34992e-15
      5762.64  1.34380e-15
      5765.82  1.34370e-15
      5769.00  1.30973e-15
      5772.19  1.32239e-15
      5775.37  1.34588e-15
      5778.55  1.33663e-15
      5781.73  1.32076e-15
      5784.92  1.33145e-15
      5788.10  1.33267e-15
      5791.28  1.33900e-15
      5794.46  1.34020e-15
      5797.65  1.35533e-15
      5800.83  1.35111e-15
      5804.01  1.34770e-15
      5807.19  1.33301e-15
      5810.37  1.34428e-15
      5813.56  1.34285e-15
      5816.74  1.36861e-15
      5819.92  1.33123e-15
      5823.10  1.33774e-15
      5826.29  1.35100e-15
      5829.47  1.36520e-15
      5832.65  1.34775e-15
      5835.83  1.33665e-15
      5839.01  1.33374e-15
      5842.20  1.31437e-15
      5845.38  1.31660e-15
      5848.56  1.34435e-15
      5851.74  1.33856e-15
      5854.93  1.32142e-15
      5858.11  1.32566e-15
      5861.29  1.30604e-15
      5864.47  1.31138e-15
      5867.66  1.31457e-15
      5870.84  1.30412e-15
      5874.02  1.31905e-15
      5877.20  1.29307e-15
      5880.38  1.28874e-15
      5883.57  1.30095e-15
      5886.75  1.30218e-15
      5889.93  1.29567e-15
      5893.11  1.29669e-15
      5896.30  1.28243e-15
      5899.48  1.28547e-15
      5902.66  1.27815e-15
      5905.84  1.27132e-15
      5909.03  1.29985e-15
      5912.21  1.27306e-15
      5915.39  1.26703e-15
      5918.57  1.26385e-15
      5921.75  1.26984e-15
      5924.94  1.25963e-15
      5928.12  1.25851e-15
      5931.30  1.24920e-15
      5934.48  1.26523e-15
      5937.67  1.28035e-15
      5940.85  1.27472e-15
      5944.03  1.26810e-15
      5947.21  1.27964e-15
      5950.40  1.26025e-15
      5953.58  1.26398e-15
      5956.76  1.28296e-15
      5959.94  1.25891e-15
      5963.12  1.25973e-15
      5966.31  1.27244e-15
      5969.49  1.24639e-15
      5972.67  1.24291e-15
      5975.85  1.23783e-15
      5979.04  1.23555e-15
      5982.22  1.25594e-15
      5985.40  1.25440e-15
      5988.58  1.24399e-15
      5991.77  1.24613e-15
      5994.95  1.26010e-15
      5998.13  1.24344e-15
      6001.31  1.23523e-15
      6004.49  1.24332e-15
      6007.68  1.24924e-15
      6010.86  1.23516e-15
      6014.04  1.23588e-15
      6017.22  1.21700e-15
      6020.41  1.20625e-15
      6023.59  1.20489e-15
      6026.77  1.19947e-15
      6029.95  1.18680e-15
      6033.14  1.15499e-15
      6036.32  1.12870e-15
      6039.50  1.11061e-15
      6042.68  1.07405e-15
      6045.86  1.01925e-15
      6049.05  9.96059e-16
      6052.23  9.49969e-16
      6055.41  9.07192e-16
      6058.59  8.85097e-16
      6061.78  8.61036e-16
      6064.96  8.31155e-16
      6068.14  7.94570e-16
      6071.32  7.93830e-16
      6074.50  7.38631e-16
      6077.69  7.06519e-16
      6080.87  6.80011e-16
      6084.05  6.73664e-16
      6087.23  6.57390e-16
      6090.42  6.40998e-16
      6093.60  6.48818e-16
      6096.78  6.39452e-16
      6099.96  6.23606e-16
      6103.15  6.27524e-16
      6106.33  6.04128e-16
      6109.51  6.04335e-16
      6112.69  6.01884e-16
      6115.88  6.02218e-16
      6119.06  6.16761e-16
      6122.24  6.28880e-16
      6125.42  6.30686e-16
      6128.60  6.46077e-16
      6131.79  6.49883e-16
      6134.97  6.65556e-16
      6138.15  6.73921e-16
      6141.33  6.71276e-16
      6144.52  6.77893e-16
      6147.70  6.94102e-16
      6150.88  7.35356e-16
      6154.06  7.70238e-16
      6157.24  7.74230e-16
      6160.43  8.03943e-16
      6163.61  8.14001e-16
      6166.79  8.32349e-16
      6169.97  8.49240e-16
      6173.16  8.97689e-16
      6176.34  9.09745e-16
      6179.52  9.22193e-16
      6182.70  9.26109e-16
      6185.89  9.51139e-16
      6189.07  9.76899e-16
      6192.25  9.97683e-16
      6195.43  1.00234e-15
      6198.61  1.03046e-15
      6201.80  1.03177e-15
      6204.98  1.04763e-15
      6208.16  1.05398e-15
      6211.34  1.07829e-15
      6214.53  1.07043e-15
      6217.71  1.08092e-15
      6220.89  1.07850e-15
      6224.07  1.09388e-15
      6227.26  1.12908e-15
      6230.44  1.10705e-15
      6233.62  1.12254e-15
      6236.80  1.12120e-15
      6239.98  1.12245e-15
      6243.17  1.11080e-15
      6246.35  1.10915e-15
      6249.53  1.11203e-15
      6252.71  1.11679e-15
      6255.90  1.10739e-15
      6259.08  1.12243e-15
      6262.26  1.09992e-15
      6265.44  1.11946e-15
      6268.63  1.10935e-15
      6271.81  1.08769e-15
      6274.99  1.11720e-15
      6278.17  1.11262e-15
      6281.35  1.08885e-15
      6284.54  1.10479e-15
      6287.72  1.08824e-15
      6290.90  1.09443e-15
      6294.08  1.08519e-15
      6297.27  1.08639e-15
      6300.45  1.09076e-15
      6303.63  1.05809e-15
      6306.81  1.06221e-15
      6310.00  1.08414e-15
      6313.18  1.06855e-15
      6316.36  1.06723e-15
      6319.54  1.06471e-15
      6322.72  1.04542e-15
      6325.91  1.05683e-15
      6329.09  1.05356e-15
      6332.27  1.04389e-15
      6335.45  1.02653e-15
      6338.64  1.04028e-15
      6341.82  1.03437e-15
      6345.00  1.04075e-15
      6348.18  1.01691e-15
      6351.37  1.03842e-15
      6354.55  9.94772e-16
      6357.73  1.02423e-15
      6360.91  1.00807e-15
      6364.09  1.00116e-15
      6367.28  1.00512e-15
      6370.46  9.99011e-16
      6373.64  1.00506e-15
      6376.82  9.99257e-16
      6380.01  1.00861e-15
      6383.19  9.99503e-16
      6386.37  9.76361e-16
      6389.55  9.87398e-16
      6392.73  9.85231e-16
      6395.92  9.71254e-16
      6399.10  9.68770e-16
      6402.28  9.67537e-16
      6405.46  9.66981e-16
      6408.65  9.67953e-16
      6411.83  9.75864e-16
      6415.01  9.58543e-16
      6418.19  9.58677e-16
      6421.38  9.46353e-16
      6424.56  9.37951e-16
      6427.74  9.46287e-16
      6430.92  9.40978e-16
      6434.10  9.41308e-16
      6437.29  9.40903e-16
      6440.47  9.28329e-16
      6443.65  9.46528e-16
      6446.83  9.34872e-16
      6450.02  9.26699e-16
      6453.20  9.30124e-16
      6456.38  9.31783e-16
      6459.56  9.16022e-16
      6462.75  9.23615e-16
      6465.93  9.28755e-16
      6469.11  9.48197e-16
      6472.29  9.22533e-16
      6475.47  9.29871e-16
      6478.66  9.05560e-16
      6481.84  9.01979e-16
      6485.02  9.14941e-16
      6488.20  9.03313e-16
      6491.39  8.97874e-16
      6494.57  9.17102e-16
      6497.75  9.00597e-16
      6500.93  9.30224e-16
      6504.12  9.23222e-16
      6507.30  8.97157e-16
      6510.48  9.05010e-16
      6513.66  9.00632e-16
      6516.84  9.02147e-16
      6520.03  8.92198e-16
      6523.21  9.10180e-16
      6526.39  8.84333e-16
      6529.57  9.04900e-16
      6532.76  8.85444e-16
      6535.94  8.95773e-16
      6539.12  8.80102e-16
      6542.30  8.83893e-16
      6545.48  8.81577e-16
      6548.67  8.94189e-16
      6551.85  8.74443e-16
      6555.03  8.77787e-16
      6558.21  8.86118e-16
      6561.40  8.71977e-16
      6564.58  8.66630e-16
      6567.76  8.73647e-16
      6570.94  8.64392e-16
      6574.13  8.60929e-16
      6577.31  8.72602e-16
      6580.49  8.64929e-16
      6583.67  8.54541e-16
      6586.85  8.64199e-16
      6590.04  8.74399e-16
      6593.22  8.46611e-16
      6596.40  8.61645e-16
      6599.58  8.44898e-16
      6602.77  8.41767e-16
      6605.95  8.45481e-16
      6609.13  8.32980e-16
      6612.31  8.36570e-16
      6615.50  8.26778e-16
      6618.68  8.74591e-16
      6621.86  9.54602e-16
      6625.04  9.38204e-16
      6628.22  8.51363e-16
      6631.41  8.19583e-16
      6634.59  8.02668e-16
      6637.77  8.06683e-16
      6640.95  8.18876e-16
      6644.14  8.30005e-16
      6647.32  8.22039e-16
      6650.50  7.97974e-16
      6653.68  7.87191e-16
      6656.87  7.82881e-16
      6660.05  7.92267e-16
      6663.23  7.77100e-16
      6666.41  7.64049e-16
      6669.59  7.73388e-16
      6672.78  7.81469e-16
      6675.96  7.62479e-16
      6679.14  7.65147e-16
      6682.32  7.71712e-16
      6685.51  7.75980e-16
      6688.69  7.64623e-16
      6691.87  7.72078e-16
      6695.05  7.39276e-16
      6698.24  7.59957e-16
      6701.42  7.69638e-16
      6704.60  7.61586e-16
      6707.78  7.58883e-16
      6710.96  7.43697e-16
      6714.15  7.53539e-16
      6717.33  7.40566e-16
      6720.51  7.42704e-16
      6723.69  7.49435e-16
      6726.88  7.32704e-16
      6730.06  7.08973e-16
      6733.24  6.06948e-16
      6736.42  5.55099e-16
      6739.60  5.91089e-16
      6742.79  6.24316e-16
      6745.97  6.67301e-16
      6749.15  6.78396e-16
      6752.33  6.57568e-16
      6755.52  6.48870e-16
      6758.70  6.40632e-16
      6761.88  6.58598e-16
      6765.06  6.61346e-16
      6768.25  6.74150e-16
      6771.43  6.71013e-16
      6774.61  6.85697e-16
      6777.79  6.87123e-16
      6780.98  7.19906e-16
      6784.16  7.08930e-16
      6787.34  6.81541e-16
      6790.52  6.96151e-16
      6793.70  7.13679e-16
      6796.89  7.03427e-16
      6800.07  6.95196e-16
      6803.25  6.88599e-16
      6806.43  6.88592e-16
      6809.62  6.88267e-16
      6812.80  6.86292e-16
      6815.98  6.91276e-16
      6819.16  6.79566e-16
      6822.35  6.80314e-16
      6825.53  6.82631e-16
      6828.71  6.76115e-16
      6831.89  6.83148e-16
      6835.07  6.75400e-16
      6838.26  6.78330e-16
      6841.44  6.85822e-16
      6844.62  6.68200e-16
      6847.80  6.67488e-16
      6850.99  6.73555e-16
      6854.17  6.63052e-16
      6857.35  6.55584e-16
      6860.53  6.71136e-16
      6863.71  6.59055e-16
      6866.90  6.60864e-16
      6870.08  6.60375e-16
      6873.26  6.69880e-16
      6876.44  6.50978e-16
      6879.63  6.45897e-16
      6882.81  6.31437e-16
      6885.99  6.39979e-16
      6889.17  6.29593e-16
      6892.36  6.51798e-16
      6895.54  6.37269e-16
      6898.72  6.34727e-16
      6901.90  6.24070e-16
      6905.08  6.25570e-16
      6908.27  6.29247e-16
      6911.45  6.35375e-16
      6914.63  6.33680e-16
      6917.81  6.23734e-16
      6921.00  6.17288e-16
      6924.18  6.11758e-16
      6927.36  6.22670e-16
      6930.54  6.34826e-16
      6933.73  6.11861e-16
      6936.91  6.23949e-16
      6940.09  6.21209e-16
      6943.27  6.18093e-16
      6946.45  6.18310e-16
      6949.64  6.08050e-16
      6952.82  6.08242e-16
      6956.00  6.04036e-16
      6959.18  6.03785e-16
      6962.37  6.06416e-16
      6965.55  6.01848e-16
      6968.73  6.05623e-16
      6971.91  6.00634e-16
      6975.10  5.91819e-16
      6978.28  6.10694e-16
      6981.46  5.93488e-16
      6984.64  6.05089e-16
      6987.82  5.91551e-16
      6991.01  5.76005e-16
      6994.19  5.83521e-16
      6997.37  5.85990e-16
      7000.55  5.89456e-16
      7003.74  5.81170e-16
      7006.92  3.72478e-16
      7010.10  4.04025e-16
      7013.28  5.98539e-16
      7016.47  5.88487e-16
      7019.65  5.79363e-16
      7022.83  5.81131e-16
      7026.01  5.73964e-16
      7029.19  5.68362e-16
      7032.38  5.59872e-16
      7035.56  5.49711e-16
      7038.74  5.56027e-16
      7041.92  5.48987e-16
      7045.11  5.46226e-16
      7048.29  5.41338e-16
      7051.47  5.37526e-16
      7054.65  5.38744e-16
      7057.83  5.46217e-16
      7061.02  5.49970e-16
      7064.20  5.29179e-16
      7067.38  5.44611e-16
      7070.56  5.35753e-16
      7073.75  5.38784e-16
      7076.93  5.40415e-16
      7080.11  5.40237e-16
      7083.29  5.45445e-16
      7086.48  5.38078e-16
      7089.66  5.24044e-16
      7092.84  5.26241e-16
      7096.02  5.40534e-16
      7099.21  5.29150e-16
      7102.39  5.28441e-16
      7105.57  5.26410e-16
      7108.75  5.32368e-16
      7111.93  5.28002e-16
      7115.12  5.20230e-16
      7118.30  5.19151e-16
      7121.48  5.29093e-16
      7124.66  5.15466e-16
      7127.85  5.38953e-16
      7131.03  5.34498e-16
      7134.21  5.35255e-16
      7137.39  5.25306e-16
      7140.57  5.20579e-16
      7143.76  5.29419e-16
      7146.94  5.16974e-16
      7150.12  5.23116e-16
      7153.30  5.15725e-16
      7156.49  5.27021e-16
      7159.67  5.14827e-16
      7162.85  5.21007e-16
      7166.03  5.22860e-16
      7169.22  5.13827e-16
      7172.40  5.22161e-16
      7175.58  5.11376e-16
      7178.76  5.17183e-16
      7181.94  5.16903e-16
      7185.13  5.15682e-16
      7188.31  5.10093e-16
      7191.49  5.16910e-16
      7194.67  5.04610e-16
      7197.86  5.22280e-16
      7201.04  5.19666e-16
      7204.22  5.15398e-16
      7207.40  5.12600e-16
      7210.59  5.12946e-16
      7213.77  5.09779e-16
      7216.95  5.27574e-16
      7220.13  5.09852e-16
      7223.31  5.16046e-16
      7226.50  5.15619e-16
      7229.68  5.11751e-16
      7232.86  5.13418e-16
      7236.04  5.14416e-16
      7239.23  5.06956e-16
      7242.41  4.96615e-16
      7245.59  5.06365e-16
      7248.77  5.05356e-16
      7251.96  5.06327e-16
      7255.14  5.03082e-16
      7258.32  5.03824e-16
      7261.50  5.11073e-16
      7264.68  5.02537e-16
      7267.87  5.00702e-16
      7271.05  4.97170e-16
      7274.23  5.09294e-16
      7277.41  4.99921e-16
      7280.60  5.02769e-16
      7283.78  4.83182e-16
      7286.96  4.92175e-16
      7290.14  4.92764e-16
      7293.32  5.02237e-16
      7296.51  4.97964e-16
      7299.69  4.88738e-16
      7302.87  4.97543e-16
      7306.05  4.77959e-16
      7309.24  4.86222e-16
      7312.42  4.80613e-16
      7315.60  4.84997e-16
      7318.78  4.74259e-16
      7321.97  4.74950e-16
      7325.15  4.80053e-16
      7328.33  4.73272e-16
      7331.51  4.79742e-16
      7334.70  4.80722e-16
      7337.88  4.77458e-16
      7341.06  4.83964e-16
      7344.24  4.71788e-16
      7347.42  4.80103e-16
      7350.61  4.75903e-16
      7353.79  4.57992e-16
      7356.97  4.69284e-16
      7360.15  4.69147e-16
      7363.34  4.61649e-16
      7366.52  4.62145e-16
      7369.70  4.55511e-16
      7372.88  4.53521e-16
      7376.06  4.55768e-16
      7379.25  4.54581e-16
      7382.43  4.57790e-16
      7385.61  4.53770e-16
      7388.79  4.50946e-16
      7391.98  4.56911e-16
      7395.16  4.53264e-16
      7398.34  4.53211e-16
      7401.52  4.47997e-16
      7404.71  4.57089e-16
      7407.89  4.38662e-16
      7411.07  4.43391e-16
      7414.25  4.43203e-16
      7417.44  4.38432e-16
      7420.62  4.30393e-16
      7423.80  4.21171e-16
      7426.98  4.30945e-16
      7430.16  4.22216e-16
      7433.35  4.18448e-16
      7436.53  4.16075e-16
      7439.71  4.19036e-16
      7442.89  4.10880e-16
      7446.08  3.82418e-16
      7449.26  2.87895e-16
      7452.44  1.92833e-16
      7455.62  1.46321e-16
      7458.80  1.20448e-16
      7461.99  1.24394e-16
      7465.17  1.55952e-16
      7468.35  2.11712e-16
      7471.53  2.94458e-16
      7474.72  3.04676e-16
      7477.90  2.37915e-16
      7481.08  2.12474e-16
      7484.26  2.13331e-16
      7487.45  2.13720e-16
      7490.63  2.33929e-16
      7493.81  2.34933e-16
      7496.99  2.53371e-16
      7500.17  2.59427e-16
      7503.36  2.74021e-16
      7506.54  2.85633e-16
      7509.72  3.11264e-16
      7512.90  3.19639e-16
      7516.09  3.34507e-16
      7519.27  3.27165e-16
      7522.45  3.33625e-16
      7525.63  3.33854e-16
      7528.82  3.53580e-16
      7532.00  3.59751e-16
      7535.18  3.53178e-16
      7538.36  3.59375e-16
      7541.54  3.54283e-16
      7544.73  3.55567e-16
      7547.91  3.64533e-16
      7551.09  3.66247e-16
      7554.27  3.68692e-16
      7557.46  3.72352e-16
      7560.64  3.61372e-16
      7563.82  3.66215e-16
      7567.00  3.70376e-16
      7570.19  3.64205e-16
      7573.37  3.61554e-16
      7576.55  3.68501e-16
      7579.73  3.62834e-16
      7582.91  3.67233e-16
      7586.10  3.53360e-16
      7589.28  3.59036e-16
      7592.46  3.65504e-16
      7595.64  3.56290e-16
      7598.83  3.65271e-16
      7602.01  3.55494e-16
      7605.19  3.60416e-16
      7608.37  3.72433e-16
      7611.55  3.46227e-16
      7614.74  3.62200e-16
      7617.92  3.54858e-16
      7621.10  3.53865e-16
      7624.28  3.52710e-16
      7627.47  3.45047e-16
      7630.65  3.58702e-16
      7633.83  3.56904e-16
      7637.01  3.53689e-16
      7640.20  3.52842e-16
      7643.38  3.53895e-16
      7646.56  3.50466e-16
      7649.74  3.57782e-16
      7652.92  3.50904e-16
      7656.11  3.48179e-16
      7659.29  3.46206e-16
      7662.47  3.60249e-16
      7665.65  3.43370e-16
      7668.84  3.53328e-16
      7672.02  3.55432e-16
      7675.20  3.54612e-16
      7678.38  3.53545e-16
      7681.57  3.55790e-16
      7684.75  3.58779e-16
      7687.93  3.53127e-16
      7691.11  3.42480e-16
      7694.29  3.63079e-16
      7697.48  3.55119e-16
      7700.66  3.49514e-16
      7703.84  3.66237e-16
      7707.02  3.45960e-16
      7710.21  3.54174e-16
      7713.39  3.42751e-16
      7716.57  3.53409e-16
      7719.75  3.48132e-16
      7722.94  3.49674e-16
      7726.12  3.50653e-16
      7729.30  3.53696e-16
      7732.48  3.56168e-16
      7735.66  3.39496e-16
      7738.85  3.55303e-16
      7742.03  3.47755e-16
      7745.21  3.60314e-16
      7748.39  3.60174e-16
      7751.58  3.54980e-16
      7754.76  3.52910e-16
      7757.94  3.48736e-16
      7761.12  3.61458e-16
      7764.31  3.55894e-16
      7767.49  3.58228e-16
      7770.67  3.52817e-16
      7773.85  3.54304e-16
      7777.03  3.56756e-16
      7780.22  3.57918e-16
      7783.40  3.58233e-16
      7786.58  3.61121e-16
      7789.76  3.60637e-16
      7792.95  3.63394e-16
      7796.13  3.59677e-16
      7799.31  3.63912e-16
      7802.49  3.66114e-16
      7805.68  3.69456e-16
      7808.86  3.66056e-16
      7812.04  3.75360e-16
      7815.22  3.72603e-16
      7818.40  3.60085e-16
      7821.59  3.64741e-16
      7824.77  3.64254e-16
      7827.95  3.63629e-16
      7831.13  3.69484e-16
      7834.32  3.68047e-16
      7837.50  3.66721e-16
      7840.68  3.64564e-16
      7843.86  3.59781e-16
      7847.04  3.58605e-16
      7850.23  3.65422e-16
      7853.41  3.61673e-16
      7856.59  3.55338e-16
      7859.77  3.58906e-16
      7862.96  3.63163e-16
      7866.14  3.68572e-16
      7869.32  3.66158e-16
      7872.50  3.64068e-16
      7875.69  3.52525e-16
      7878.87  3.70972e-16
      7882.05  3.62962e-16
      7885.23  3.58845e-16
      7888.42  3.60317e-16
      7891.60  3.66435e-16
      7894.78  3.70088e-16
      7897.96  3.67570e-16
      7901.14  3.58778e-16
      7904.33  3.66369e-16
      7907.51  3.71078e-16
      7910.69  3.71199e-16
      7913.87  3.74429e-16
      7917.06  3.67692e-16
      7920.24  3.67260e-16
      7923.42  3.71598e-16
      7926.60  3.71780e-16
      7929.78  3.73667e-16
      7932.97  3.53797e-16
      7936.15  3.65142e-16
      7939.33  3.63344e-16
      7942.51  3.68840e-16
      7945.70  3.65404e-16
      7948.88  3.67244e-16
      7952.06  3.64552e-16
      7955.24  3.73245e-16
      7958.43  3.66510e-16
      7961.61  3.70524e-16
      7964.79  3.52202e-16
      7967.97  3.58543e-16
      7971.15  3.70984e-16
      7974.34  3.64617e-16
      7977.52  3.59827e-16
      7980.70  3.70503e-16
      7983.88  3.71227e-16
      7987.07  3.61237e-16
      7990.25  3.61807e-16
      7993.43  3.57346e-16
      7996.61  3.60683e-16
      7999.79  3.59855e-16
      8002.98  3.56329e-16
      8006.16  3.55424e-16
      8009.34  3.51664e-16
      8012.52  3.55668e-16
      8015.71  3.63623e-16
      8018.89  3.58825e-16
      8022.07  3.58940e-16
      8025.25  3.69834e-16
      8028.44  3.67925e-16
      8031.62  3.54135e-16
      8034.80  3.62360e-16
      8037.98  3.65055e-16
      8041.17  3.66973e-16
      8044.35  3.62864e-16
      8047.53  3.73896e-16
      8050.71  3.67641e-16
      8053.89  3.79865e-16
      8057.08  3.59875e-16
      8060.26  3.68523e-16
      8063.44  3.57479e-16
      8066.62  3.59964e-16
      8069.81  3.52370e-16
      8072.99  3.52680e-16
      8076.17  3.61623e-16
      8079.35  3.62700e-16
      8082.54  3.60089e-16
      8085.72  3.53679e-16
      8088.90  3.63441e-16
      8092.08  3.63720e-16
      8095.26  3.62841e-16
      8098.45  3.60405e-16
      8101.63  3.60302e-16
      8104.81  3.57072e-16
      8107.99  3.59128e-16
      8111.18  3.45523e-16
      8114.36  3.48614e-16
      8117.54  3.42789e-16
      8120.72  3.33188e-16
      8123.91  3.40674e-16
      8127.09  3.34677e-16
      8130.27  3.41007e-16
      8133.45  3.30383e-16
      8136.63  3.32232e-16
      8139.82  3.27905e-16
      8143.00  3.26634e-16
      8146.18  3.27974e-16
      8149.36  3.14419e-16
      8152.54  3.18031e-16
      8155.73  3.12200e-16
      8158.91  3.04543e-16
      8162.09  2.84604e-16
      8165.28  2.85225e-16
      8168.46  2.85899e-16
      8171.64  2.75084e-16
      8174.82  2.63797e-16
      8178.00  2.64428e-16
      8181.19  2.64264e-16
      8184.37  2.64700e-16
      8187.55  2.70011e-16
      8190.73  2.57490e-16
      8193.92  2.52962e-16
      8197.10  2.60483e-16
      8200.28  2.58805e-16
      8203.46  2.59496e-16
      8206.64  2.56472e-16
      8209.83  2.51935e-16
      8213.01  2.47972e-16
      8216.19  2.43675e-16
      8219.37  2.46303e-16
      8222.56  2.46806e-16
      8225.74  2.46324e-16
      8228.92  2.42413e-16
      8232.10  2.52257e-16
      8235.29  2.55842e-16
      8238.47  2.60038e-16
      8241.65  2.48270e-16
      8244.83  2.54194e-16
      8248.01  2.54199e-16
      8251.20  2.51232e-16
      8254.38  2.50079e-16
      8257.56  2.55175e-16
      8260.74  2.55690e-16
      8263.93  2.55846e-16
      8267.11  2.54870e-16
      8270.29  2.58706e-16
      8273.47  2.53995e-16
      8276.66  2.55006e-16
      8279.84  2.61879e-16
      8283.02  2.59850e-16
      8286.20  2.56957e-16
      8289.38  2.62514e-16
      8292.57  2.64820e-16
      8295.75  2.73692e-16
      8298.93  2.70441e-16
      8302.11  2.78668e-16
      8305.30  2.87565e-16
      8308.48  2.84522e-16
      8311.66  2.87409e-16
      8314.84  2.86683e-16
      8318.02  2.92737e-16
      8321.21  2.91709e-16
      8324.39  2.97332e-16
      8327.57  3.05681e-16
      8330.75  3.03624e-16
      8333.94  3.05449e-16
      8337.12  3.04974e-16
      8340.30  3.02860e-16
      8343.48  3.07385e-16
      8346.67  3.12459e-16
      8349.85  3.13821e-16
      8353.03  3.12876e-16
      8356.21  3.12821e-16
      8359.39  3.14265e-16
      8362.58  3.06800e-16
      8365.76  3.13633e-16
      8368.94  3.13094e-16
      8372.12  3.16040e-16
      8375.31  3.16093e-16
      8378.49  3.21427e-16
      8381.67  3.24790e-16
      8384.85  3.27262e-16
      8388.04  3.29258e-16
      8391.22  3.35523e-16
      8394.40  3.37859e-16
      8397.58  3.43250e-16
      8400.76  3.52117e-16
      8403.95  3.39319e-16
      8407.13  3.47114e-16
      8410.31  3.51974e-16
      8413.49  3.48346e-16
      8416.68  3.52485e-16
      8419.86  3.54638e-16
      8423.04  3.57313e-16
      8426.22  3.64309e-16
      8429.41  3.61811e-16
      8432.59  3.66677e-16
      8435.77  3.61786e-16
      8438.95  3.69262e-16
      8442.13  3.66536e-16
      8445.32  3.75254e-16
      8448.50  3.69856e-16
      8451.68  3.62795e-16
      8454.86  3.58442e-16
      8458.05  3.59616e-16
      8461.23  3.73045e-16
      8464.41  3.71882e-16
      8467.59  3.73763e-16
      8470.77  3.77898e-16
      8473.96  3.75690e-16
      8477.14  3.70894e-16
      8480.32  3.67817e-16
      8483.50  3.72849e-16
      8486.69  3.66941e-16
      8489.87  3.74690e-16
      8493.05  3.71724e-16
      8496.23  3.68137e-16
      8499.42  3.75787e-16
      8502.60  3.80152e-16
      8505.78  3.70213e-16
      8508.96  3.71172e-16
      8512.14  3.70097e-16
      8515.33  3.70524e-16
      8518.51  3.59478e-16
      8521.69  3.70272e-16
      8524.87  3.68045e-16
      8528.06  3.71489e-16
      8531.24  3.62508e-16
      8534.42  3.58933e-16
      8537.60  3.71289e-16
      8540.79  3.66254e-16
      8543.97  3.57189e-16
      8547.15  3.56950e-16
      8550.33  3.53069e-16
      8553.51  3.62550e-16
      8556.70  3.59186e-16
      8559.88  3.53576e-16
      8563.06  3.56652e-16
      8566.24  3.52327e-16
      8569.43  3.52774e-16
      8572.61  3.45205e-16
      8575.79  3.42569e-16
      8578.97  3.44754e-16
      8582.16  3.49015e-16
      8585.34  3.48249e-16
      8588.52  3.47243e-16
      8591.70  3.44724e-16
      8594.88  3.48945e-16
      8598.07  3.40749e-16
      8601.25  3.41557e-16
      8604.43  3.40689e-16
      8607.61  3.30051e-16
      8610.80  3.32482e-16
      8613.98  3.31623e-16
      8617.16  3.38914e-16
      8620.34  3.23287e-16
      8623.53  3.36579e-16
      8626.71  3.28061e-16
      8629.89  3.24645e-16
      8633.07  3.26998e-16
      8636.25  3.24926e-16
      8639.44  3.22628e-16
      8642.62  3.17993e-16
      8645.80  3.18255e-16
      8648.98  3.19787e-16
      8652.17  3.13269e-16
      8655.35  3.14012e-16
      8658.53  3.11032e-16
      8661.71  3.11287e-16
      8664.90  3.09154e-16
      8668.08  3.02343e-16
      8671.26  2.92123e-16
      8674.44  3.03097e-16
      8677.62  3.00056e-16
      8680.81  3.00087e-16
      8683.99  2.97366e-16
      8687.17  2.93543e-16
      8690.35  2.94918e-16
      8693.54  2.94164e-16
      8696.72  2.91864e-16
      8699.90  2.89624e-16
      8703.08  2.96022e-16
      8706.27  2.91459e-16
      8709.45  2.88035e-16
      8712.63  2.82745e-16
      8715.81  2.87849e-16
      8719.00  2.93186e-16
      8722.18  2.88077e-16
      8725.36  2.83324e-16
      8728.54  2.88904e-16
      8731.72  2.81504e-16
      8734.91  2.79071e-16
      8738.09  2.80858e-16
      8741.27  2.80599e-16
      8744.45  2.77745e-16
      8747.64  2.77472e-16
      8750.82  2.71849e-16
      8754.00  2.81393e-16
      8757.18  2.72596e-16
      8760.37  2.77334e-16
      8763.55  2.69963e-16
      8766.73  2.71151e-16
      8769.91  2.70952e-16
      8773.09  2.74364e-16
      8776.28  2.61161e-16
      8779.46  2.66613e-16
      8782.64  2.66976e-16
      8785.82  2.63391e-16
      8789.00  2.62870e-16
      8792.19  2.58943e-16
      8795.37  2.66655e-16
      8798.55  2.52219e-16
      8801.74  2.56667e-16
      8804.92  2.54545e-16
      8808.10  2.55545e-16
      8811.28  2.49434e-16
      8814.46  2.52521e-16
      8817.65  2.38492e-16
      8820.83  2.35357e-16
      8824.01  2.53286e-16
      8827.19  2.42258e-16
      8830.38  2.43279e-16
      8833.56  2.54211e-16
      8836.74  2.42061e-16
      8839.92  2.38703e-16
      8843.10  2.41137e-16
      8846.29  2.33229e-16
      8849.47  2.37475e-16
      8852.65  2.29209e-16
      8855.83  2.29084e-16
      8859.02  2.36519e-16
      8862.20  2.39969e-16
      8865.38  2.37031e-16
      8868.56  2.35780e-16
      8871.75  2.30193e-16
      8874.93  2.30282e-16
      8878.11  2.26963e-16
      8881.29  2.27183e-16
      8884.47  2.27819e-16
      8887.66  2.19623e-16
      8890.84  2.16692e-16
      8894.02  2.20726e-16
      8897.20  2.15736e-16
      8900.39  2.13590e-16
      8903.57  2.14372e-16
      8906.75  2.14137e-16
      8909.93  2.14857e-16
      8913.12  2.07645e-16
      8916.30  2.11192e-16
      8919.48  2.04343e-16
      8922.66  2.04113e-16
      8925.84  2.01921e-16
      8929.03  2.02934e-16
      8932.21  2.02306e-16
      8935.39  1.98266e-16
      8938.57  2.03315e-16
      8941.76  2.03000e-16
      8944.94  1.93492e-16
      8948.12  1.98616e-16
      8951.30  1.99465e-16
      8954.48  1.91786e-16
      8957.67  1.93980e-16
      8960.85  1.85700e-16
      8964.03  1.88379e-16
      8967.21  1.95605e-16
      8970.40  1.89579e-16
      8973.58  1.90619e-16
      8976.76  1.92566e-16
      8979.94  1.82019e-16
      8983.13  1.82297e-16
      8986.31  1.81892e-16
      8989.49  1.84772e-16
      8992.67  1.82269e-16
      8995.85  1.81152e-16
      8999.04  1.71608e-16
      9002.22  1.77828e-16
      9005.40  1.79625e-16
      9008.58  1.71253e-16
      9011.77  1.76229e-16
      9014.95  1.77450e-16
      9018.13  1.69723e-16
      9021.31  1.68734e-16
      9024.50  1.69528e-16
      9027.68  1.72627e-16
      9030.86  1.69498e-16
      9034.04  1.76551e-16
      9037.22  1.68013e-16
      9040.41  1.66946e-16
      9043.59  1.69116e-16
      9046.77  1.65576e-16
      9049.95  1.65768e-16
      9053.14  1.59298e-16
      9056.32  1.61235e-16
      9059.50  1.56212e-16
      9062.68  1.53832e-16
      9065.87  1.59733e-16
      9069.05  1.55237e-16
      9072.23  1.55919e-16
      9075.41  1.54136e-16
      9078.59  1.57873e-16
      9081.78  1.57518e-16
      9084.96  1.54502e-16
      9088.14  1.48558e-16
      9091.32  1.52413e-16
      9094.51  1.51276e-16
      9097.69  1.48694e-16
      9100.87  1.45468e-16
      9104.05  1.45310e-16
      9107.23  1.46761e-16
      9110.42  1.45833e-16
      9113.60  1.45745e-16
      9116.78  1.39005e-16
      9119.96  1.40807e-16
      9123.15  1.34867e-16
      9126.33  1.39908e-16
      9129.51  1.35908e-16
      9132.69  1.27728e-16
      9135.88  1.32833e-16
      9139.06  1.12867e-16
      9142.24  1.22316e-16
      9145.42  1.25945e-16
      9148.60  1.11490e-16
      9151.79  1.23483e-16
      9154.97  1.21621e-16
      9158.15  1.19772e-16
      9161.33  1.26461e-16
      9164.52  1.03931e-16
      9167.70  1.00541e-16
      9170.88  1.22581e-16
      9174.06  1.18033e-16
      9177.25  1.01716e-16
      9180.43  9.98415e-17
      9183.61  1.19927e-16
      9186.79  1.14094e-16
      9189.97  1.05828e-16
      9193.16  9.97672e-17
      9196.34  1.07019e-16
      9199.52  1.04583e-16
      9202.70  1.07011e-16
      9205.89  1.08954e-16
      9209.07  1.08299e-16
      9212.25  1.19120e-16
      9215.43  1.23170e-16
      9218.62  1.19853e-16
      9221.80  1.13112e-16
      9224.98  1.16670e-16
      9228.16  1.13529e-16
      9231.34  1.08368e-16
      9234.53  1.12644e-16
      9237.71  1.09346e-16
      9240.89  1.11629e-16
      9244.07  1.09140e-16
      9247.26  9.86443e-17
      9250.44  9.29900e-17
      9253.62  1.08080e-16
      9256.80  1.05894e-16
      9259.99  9.27272e-17
      9263.17  8.64229e-17
      9266.35  9.89968e-17
      9269.53  1.03755e-16
      9272.71  1.06312e-16
      9275.90  9.42758e-17
      9279.08  9.25435e-17
      9282.26  9.19351e-17
      9285.44  9.78843e-17
      9288.63  9.81419e-17
      9291.81  1.01156e-16
      9294.99  9.36185e-17
      9298.17  9.46474e-17
      9301.36  8.96411e-17
      9304.54  9.33981e-17
      9307.72  1.01890e-16
      9310.90  9.90543e-17
      9314.08  8.41692e-17
      9317.27  8.36321e-17
      9320.45  7.94916e-17
      9323.63  9.60278e-17
      9326.81  9.81057e-17
      9330.00  9.65461e-17
      9333.18  9.23899e-17
      9336.36  8.56636e-17
      9339.54  8.36989e-17
      9342.73  7.67627e-17
      9345.91  8.59776e-17
      9349.09  8.63206e-17
      9352.27  9.45597e-17
      9355.45  8.48895e-17
      9358.64  8.41113e-17
      9361.82  8.07762e-17
      9365.00  8.08240e-17
      9368.18  9.05310e-17
      9371.37  8.16178e-17
      9374.55  7.64174e-17
      9377.73  8.11411e-17
      9380.91  7.96317e-17
      9384.10  7.47107e-17
      9387.28  7.63586e-17
      9390.46  8.40784e-17
      9393.64  8.25020e-17
      9396.82  8.04297e-17
      9400.01  7.57397e-17
      9403.19  7.99708e-17
      9406.37  7.50195e-17
      9409.55  7.22228e-17
      9412.74  7.54399e-17
      9415.92  7.67486e-17
      9419.10  7.71433e-17
      9422.28  7.77068e-17
      9425.46  7.65147e-17
      9428.65  7.68370e-17
      9431.83  7.57447e-17
      9435.01  7.56041e-17
      9438.19  6.86106e-17
      9441.38  6.98951e-17
      9444.56  6.94776e-17
      9447.74  7.63053e-17
      9450.92  7.37589e-17
      9454.11  6.71385e-17
      9457.29  6.96751e-17
      9460.47  6.94354e-17
      9463.65  6.83593e-17
      9466.83  6.86166e-17
      9470.02  6.91042e-17
      9473.20  7.17782e-17
      9476.38  6.91241e-17
      9479.56  6.49019e-17
      9482.75  6.98333e-17
      9485.93  6.74931e-17
      9489.11  6.68305e-17
      9492.29  6.74820e-17
      9495.48  6.30143e-17
      9498.66  7.02824e-17
      9501.84  6.56626e-17
      9505.02  6.82545e-17
      9508.20  6.38034e-17
      9511.39  6.63191e-17
      9514.57  6.11929e-17
      9517.75  6.41442e-17
      9520.93  6.51181e-17
      9524.12  6.15490e-17
      9527.30  6.20621e-17
      9530.48  5.70401e-17
      9533.66  6.17738e-17
      9536.84  6.02065e-17
      9540.03  6.02688e-17
      9543.21  5.87698e-17
      9546.39  5.78704e-17
      9549.57  5.69856e-17
      9552.76  5.80440e-17
      9555.94  5.48740e-17
      9559.12  5.53437e-17
      9562.30  5.60214e-17
      9565.49  5.75931e-17
      9568.67  5.33332e-17
      9571.85  5.57326e-17
      9575.03  5.40735e-17
      9578.21  5.29403e-17
      9581.40  5.51219e-17
      9584.58  5.47637e-17
      9587.76  5.56075e-17
      9590.94  5.41765e-17
      9594.13  5.32871e-17
      9597.31  5.10157e-17
      9600.49  5.39907e-17
      9603.67  6.14353e-17
      9606.86  5.70696e-17
      9610.04  5.45384e-17
      9613.22  5.25372e-17
      9616.40  5.24394e-17
      9619.58  5.40139e-17
      9622.77  5.43729e-17
      9625.95  5.76756e-17
      9629.13  5.88206e-17
      9632.31  4.97213e-17
      9635.50  4.93914e-17
      9638.68  4.81355e-17
      9641.86  4.91525e-17
      9645.04  4.99186e-17
      9648.23  5.00033e-17
      9651.41  4.67274e-17
      9654.59  4.63324e-17
      9657.77  4.75453e-17
      9660.96  4.74377e-17
      9664.14  4.90058e-17
      9667.32  4.51295e-17
      9670.50  4.60917e-17
      9673.68  4.32264e-17
      9676.87  4.26178e-17
      9680.05  4.44244e-17
      9683.23  4.48798e-17
      9686.41  4.57968e-17
      9689.59  4.40206e-17
      9692.78  3.93120e-17
      9695.96  4.19592e-17
      9699.14  4.15163e-17
      9702.32  4.18364e-17
      9705.51  4.46347e-17
      9708.69  4.04704e-17
      9711.87  4.13180e-17
      9715.05  3.56775e-17
      9718.24  3.83563e-17
      9721.42  4.06072e-17
      9724.60  4.27183e-17
      9727.78  4.31591e-17
      9730.96  3.89776e-17
      9734.15  3.65146e-17
      9737.33  3.75760e-17
      9740.51  4.19079e-17
      9743.69  3.87357e-17
      9746.88  3.78627e-17
      9750.06  4.02388e-17
      9753.24  3.92278e-17
      9756.42  3.72398e-17
      9759.61  3.93014e-17
      9762.79  3.19984e-17
      9765.97  3.06627e-17
      9769.15  3.59294e-17
      9772.33  3.92817e-17
      9775.52  3.45878e-17
      9778.70  3.55265e-17
      9781.88  3.36040e-17
      9785.06  3.47888e-17
      9788.25  3.24720e-17
      9791.43  3.11334e-17
      9794.61  3.14271e-17
      9797.79  3.22160e-17
      9800.98  3.21915e-17
      9804.16  3.23841e-17
      9807.34  3.20904e-17
      9810.52  3.35435e-17
      9813.71  3.42707e-17
      9816.89  3.17716e-17
      9820.07  3.04897e-17
      9823.25  3.18138e-17
      9826.43  3.54847e-17
      9829.62  3.19384e-17
      9832.80  3.45052e-17
      9835.98  3.26763e-17
      9839.16  3.21561e-17
      9842.35  3.32632e-17
      9845.53  3.35590e-17
      9848.71  3.27113e-17
      9851.89  3.17986e-17
      9855.07  3.07375e-17
      9858.26  3.03418e-17
      9861.44  3.12612e-17
      9864.62  3.18561e-17
      9867.80  3.49699e-17
      9870.99  3.07735e-17
      9874.17  3.22165e-17
      9877.35  3.22513e-17
      9880.53  3.34482e-17
      9883.71  2.68317e-17
      9886.90  3.19777e-17
      9890.08  3.18405e-17
      9893.26  2.82058e-17
      9896.45  2.79228e-17
      9899.63  2.64740e-17
      9902.81  2.69512e-17
      9905.99  2.99003e-17
      9909.17  3.19843e-17
      9912.36  2.62436e-17
      9915.54  2.92004e-17
      9918.72  2.34050e-17
      9921.90  2.54052e-17
      9925.08  2.59985e-17
      9928.27  3.04889e-17
      9931.45  2.87921e-17
      9934.63  2.38385e-17
      9937.82  2.37566e-17
      9941.00  2.50982e-17
      9944.18  2.18239e-17
      9947.36  2.78789e-17
      9950.54  2.32904e-17
      9953.73  2.69343e-17
      9956.91  2.45612e-17
      9960.09  2.80757e-17
      9963.27  2.06778e-17
      9966.46  2.24280e-17
      9969.64  2.61593e-17
      9972.82  3.80080e-17
      9976.00  2.66213e-17
      9979.19  1.59662e-17
      9982.37  2.22653e-17
      9985.55  2.12537e-17
      9988.73  1.99757e-17
      9991.91  2.46202e-17
      9995.10  2.02913e-17
      9998.28  1.86086e-17
      10001.5  1.99905e-17
      10004.6  2.57096e-17
      10007.8  3.12268e-17
      10011.0  6.91048e-17
      10014.2  7.78953e-17
      10017.4  4.74745e-17
      10020.6  1.70915e-17
      10023.7  1.61752e-17
      10026.9  2.03131e-17
      10030.1  2.19005e-17
      10033.3  2.00893e-17
      10036.5  1.89469e-17
      10039.6  1.99539e-17
      10042.8  1.86549e-17
      10046.0  1.81592e-17
      10049.2  1.70640e-17
