      3510.61  4.24920e-16
      3515.34  3.74620e-16
      3520.08  8.11846e-16
      3524.81  9.75666e-16
      3529.55  6.60772e-16
      3534.29  6.83639e-16
      3539.02  6.33394e-16
      3543.76  3.77992e-16
      3548.49  5.37129e-16
      3553.23  5.99244e-16
      3557.96  8.16220e-16
      3562.70  8.06879e-16
      3567.43  9.91260e-16
      3572.17  8.54887e-16
      3576.90  5.46558e-16
      3581.64  7.09466e-16
      3586.37  8.16118e-16
      3591.11  7.53280e-16
      3595.84  6.68370e-16
      3600.58  8.57175e-16
      3605.32  6.76349e-16
      3610.05  5.42752e-16
      3614.79  7.90081e-16
      3619.52  1.09673e-15
      3624.26  9.15178e-16
      3628.99  8.94105e-16
      3633.73  1.05043e-15
      3638.46  9.55842e-16
      3643.20  8.18850e-16
      3647.93  8.42369e-16
      3652.67  8.26051e-16
      3657.40  7.50363e-16
      3662.14  8.30497e-16
      3666.87  8.31342e-16
      3671.61  7.02781e-16
      3676.35  9.03079e-16
      3681.08  9.40000e-16
      3685.82  8.45052e-16
      3690.55  8.83340e-16
      3695.29  8.46030e-16
      3700.02  7.17133e-16
      3704.76  6.63701e-16
      3709.49  6.32150e-16
      3714.23  6.14692e-16
      3718.96  5.53200e-16
      3723.70  7.52475e-16
      3728.43  7.41691e-16
      3733.17  7.17918e-16
      3737.90  7.80062e-16
      3742.64  7.36847e-16
      3747.38  6.53273e-16
      3752.11  5.53882e-16
      3756.85  6.38239e-16
      3761.58  6.22419e-16
      3766.32  6.82978e-16
      3771.05  7.53857e-16
      3775.79  6.81670e-16
      3780.52  7.14031e-16
      3785.26  7.44553e-16
      3789.99  7.63362e-16
      3794.73  7.14141e-16
      3799.46  6.96410e-16
      3804.20  6.73219e-16
      3808.93  7.63891e-16
      3813.67  7.27575e-16
      3818.41  6.81860e-16
      3823.14  7.01013e-16
      3827.88  6.88754e-16
      3832.61  7.09619e-16
      3837.35  7.20809e-16
      3842.08  7.12747e-16
      3846.82  6.71175e-16
      3851.55  7.48231e-16
      3856.29  7.83276e-16
      3861.02  6.19865e-16
      3865.76  5.52218e-16
      3870.49  6.34309e-16
      3875.23  6.70034e-16
      3879.96  6.77115e-16
      3884.70  6.89783e-16
      3889.44  7.09139e-16
      3894.17  7.22966e-16
      3898.91  6.90860e-16
      3903.64  7.41806e-16
      3908.38  7.15402e-16
      3913.11  6.82336e-16
      3917.85  7.05815e-16
      3922.58  7.43548e-16
      3927.32  7.08307e-16
      3932.05  6.51013e-16
      3936.79  6.69683e-16
      3941.52  6.33988e-16
      3946.26  6.94314e-16
      3950.99  8.09064e-16
      3955.73  8.25363e-16
      3960.47  7.81232e-16
      3965.20  7.60020e-16
      3969.94  7.02722e-16
      3974.67  7.17202e-16
      3979.41  7.60247e-16
      3984.14  7.93020e-16
      3988.88  7.12099e-16
      3993.61  7.04372e-16
      3998.35  7.18423e-16
      4003.08  7.68853e-16
      4007.82  8.14326e-16
      4012.55  7.91973e-16
      4017.29  7.65333e-16
      4022.02  8.32053e-16
      4026.76  8.43381e-16
      4031.50  7.88242e-16
      4036.23  7.91774e-16
      4040.97  8.24730e-16
      4045.70  8.02483e-16
      4050.44  7.55269e-16
      4055.17  8.23867e-16
      4059.91  8.07441e-16
      4064.64  7.80762e-16
      4069.38  8.12132e-16
      4074.11  7.94432e-16
      4078.85  8.28984e-16
      4083.58  8.37716e-16
      4088.32  8.57979e-16
      4093.05  8.77881e-16
      4097.79  8.57630e-16
      4102.52  8.65399e-16
      4107.26  8.72650e-16
      4112.00  8.41784e-16
      4116.73  8.11748e-16
      4121.47  8.37845e-16
      4126.20  7.86280e-16
      4130.94  8.04976e-16
      4135.67  8.16637e-16
      4140.41  7.46867e-16
      4145.14  7.52599e-16
      4149.88  8.03252e-16
      4154.61  7.70905e-16
      4159.35  7.53014e-16
      4164.08  7.68956e-16
      4168.82  7.89121e-16
      4173.55  8.12814e-16
      4178.29  8.15001e-16
      4183.03  7.64344e-16
      4187.76  7.75151e-16
      4192.50  7.32049e-16
      4197.23  6.66946e-16
      4201.97  6.68042e-16
      4206.70  6.96082e-16
      4211.44  6.85408e-16
      4216.17  6.54645e-16
      4220.91  6.50835e-16
      4225.64  6.15467e-16
      4230.38  5.73953e-16
      4235.11  6.01651e-16
      4239.85  5.72777e-16
      4244.58  4.98216e-16
      4249.32  5.24590e-16
      4254.06  4.95984e-16
      4258.79  5.06053e-16
      4263.53  5.06062e-16
      4268.26  4.64313e-16
      4273.00  4.50004e-16
      4277.73  4.37563e-16
      4282.47  4.50822e-16
      4287.20  4.75886e-16
      4291.94  4.59503e-16
      4296.67  4.23833e-16
      4301.41  3.96748e-16
      4306.14  4.04136e-16
      4310.88  3.95000e-16
      4315.61  3.93138e-16
      4320.35  4.00038e-16
      4325.09  3.98265e-16
      4329.82  4.26425e-16
      4334.56  4.40732e-16
      4339.29  4.55469e-16
      4344.03  4.60586e-16
      4348.76  4.58980e-16
      4353.50  4.87253e-16
      4358.23  5.15772e-16
      4362.97  4.98672e-16
      4367.70  5.18993e-16
      4372.44  5.27092e-16
      4377.17  5.41371e-16
      4381.91  6.10932e-16
      4386.65  6.24091e-16
      4391.38  6.11113e-16
      4396.12  6.15324e-16
      4400.85  6.04644e-16
      4405.59  5.93202e-16
      4410.32  6.43211e-16
      4415.06  6.92109e-16
      4419.79  6.73260e-16
      4424.53  6.71095e-16
      4429.26  7.19939e-16
      4434.00  7.22927e-16
      4438.73  6.76799e-16
      4443.47  6.25491e-16
      4448.20  6.21310e-16
      4452.94  6.21734e-16
      4457.67  6.46077e-16
      4462.41  6.61350e-16
      4467.15  6.33438e-16
      4471.88  6.54408e-16
      4476.62  6.78422e-16
      4481.35  6.83001e-16
      4486.09  6.63575e-16
      4490.82  6.51718e-16
      4495.56  6.35483e-16
      4500.29  6.67583e-16
      4505.03  7.06766e-16
      4509.76  7.34821e-16
      4514.50  7.22064e-16
      4519.23  6.91476e-16
      4523.97  7.33280e-16
      4528.71  7.27108e-16
      4533.44  7.08643e-16
      4538.17  7.43758e-16
      4542.91  7.40837e-16
      4547.65  6.91757e-16
      4552.38  7.06759e-16
      4557.12  7.24217e-16
      4561.85  7.21545e-16
      4566.59  6.95063e-16
      4571.32  6.65506e-16
      4576.06  6.87246e-16
      4580.79  6.85000e-16
      4585.53  6.94446e-16
      4590.26  6.90681e-16
      4595.00  6.81837e-16
      4599.73  6.69561e-16
      4604.47  6.81546e-16
      4609.21  7.19695e-16
      4613.94  6.92233e-16
      4618.68  6.65878e-16
      4623.41  6.83025e-16
      4628.15  6.95356e-16
      4632.88  6.36286e-16
      4637.62  5.93287e-16
      4642.35  5.98900e-16
      4647.09  6.04369e-16
      4651.82  5.91127e-16
      4656.56  5.73623e-16
      4661.29  5.90866e-16
      4666.03  5.87908e-16
      4670.76  5.80602e-16
      4675.50  5.67326e-16
      4680.23  5.35398e-16
      4684.97  5.61521e-16
      4689.71  5.14793e-16
      4694.44  4.74048e-16
      4699.18  4.94807e-16
      4703.91  4.98599e-16
      4708.65  5.22153e-16
      4713.38  4.97917e-16
      4718.12  5.06705e-16
      4722.85  5.08157e-16
      4727.59  4.60762e-16
      4732.32  4.58532e-16
      4737.06  4.58439e-16
      4741.79  4.39328e-16
      4746.53  4.52048e-16
      4751.27  4.39435e-16
      4756.00  4.30647e-16
      4760.74  4.28616e-16
      4765.47  4.25444e-16
      4770.21  3.94012e-16
      4774.94  3.94174e-16
      4779.68  4.19912e-16
      4784.41  4.49679e-16
      4789.15  4.57069e-16
      4793.88  4.40171e-16
      4798.62  4.51482e-16
      4803.35  4.43902e-16
      4808.09  4.26232e-16
      4812.82  4.38601e-16
      4817.56  4.82516e-16
      4822.29  4.98256e-16
      4827.03  4.70784e-16
      4831.77  4.80799e-16
      4836.50  4.83989e-16
      4841.24  5.02041e-16
      4845.97  5.12878e-16
      4850.71  4.87590e-16
      4855.44  4.66738e-16
      4860.18  4.58162e-16
      4864.91  4.43126e-16
      4869.65  4.27718e-16
      4874.38  4.37026e-16
      4879.12  4.31959e-16
      4883.85  4.12643e-16
      4888.59  3.85386e-16
      4893.32  3.70088e-16
      4898.06  3.68758e-16
      4902.80  3.92099e-16
      4907.53  3.90459e-16
      4912.27  3.53432e-16
      4917.00  3.47480e-16
      4921.74  3.40952e-16
      4926.47  3.34216e-16
      4931.21  3.25279e-16
      4935.94  3.26770e-16
      4940.68  3.31046e-16
      4945.41  3.21557e-16
      4950.15  3.25939e-16
      4954.88  3.32655e-16
      4959.62  3.20859e-16
      4964.35  3.12673e-16
      4969.09  3.24579e-16
      4973.83  3.28100e-16
      4978.56  3.10544e-16
      4983.30  3.15968e-16
      4988.03  3.34603e-16
      4992.77  3.43251e-16
      4997.50  3.34395e-16
      5002.24  3.31107e-16
      5006.97  3.46950e-16
      5011.71  3.62076e-16
      5016.44  3.48285e-16
      5021.18  3.50308e-16
      5025.91  3.53597e-16
      5030.65  3.54296e-16
      5035.38  3.67107e-16
      5040.12  3.80427e-16
      5044.86  4.06676e-16
      5049.59  3.97854e-16
      5054.33  4.21081e-16
      5059.06  4.53424e-16
      5063.80  4.43248e-16
      5068.53  4.56384e-16
      5073.27  4.53914e-16
      5078.00  4.56021e-16
      5082.74  4.86219e-16
      5087.47  4.90688e-16
      5092.21  5.16676e-16
      5096.94  5.01539e-16
      5101.68  5.20879e-16
      5106.42  5.30512e-16
      5111.15  5.23990e-16
      5115.89  5.14947e-16
      5120.62  5.13040e-16
      5125.36  5.11087e-16
      5130.09  5.33434e-16
      5134.83  5.27395e-16
      5139.56  5.25874e-16
      5144.30  5.46185e-16
      5149.03  5.37609e-16
      5153.77  5.28406e-16
      5158.50  5.25514e-16
      5163.24  5.47136e-16
      5167.97  5.38639e-16
      5172.71  5.41857e-16
      5177.44  5.33068e-16
      5182.18  5.28708e-16
      5186.92  5.41745e-16
      5191.65  5.55288e-16
      5196.39  5.54350e-16
      5201.12  5.55391e-16
      5205.86  5.55074e-16
      5210.59  5.46359e-16
      5215.33  5.41426e-16
      5220.06  5.66002e-16
      5224.80  5.88392e-16
      5229.53  5.62913e-16
      5234.27  5.38364e-16
      5239.00  5.41708e-16
      5243.74  5.32293e-16
      5248.47  5.17752e-16
      5253.21  4.87460e-16
      5257.95  4.75585e-16
      5262.68  4.95749e-16
      5267.42  4.89928e-16
      5272.15  4.66241e-16
      5276.89  4.73419e-16
      5281.62  4.90038e-16
      5286.36  4.76614e-16
      5291.09  4.55288e-16
      5295.83  4.51425e-16
      5300.56  4.51244e-16
      5305.30  4.70760e-16
      5310.03  5.04813e-16
      5314.77  4.72604e-16
      5319.50  4.02150e-16
      5324.24  3.98583e-16
      5328.98  4.50882e-16
      5333.71  4.72170e-16
      5338.45  4.33067e-16
      5343.18  4.18747e-16
      5347.92  4.28350e-16
      5352.65  4.19935e-16
      5357.39  4.11402e-16
      5362.12  4.24942e-16
      5366.86  4.19971e-16
      5371.59  3.98397e-16
      5376.33  4.10020e-16
      5381.06  4.22449e-16
      5385.80  4.03208e-16
      5390.53  4.04927e-16
      5395.27  4.23443e-16
      5400.01  3.93661e-16
      5404.74  3.92814e-16
      5409.48  3.98072e-16
      5414.21  4.08169e-16
      5418.95  4.26973e-16
      5423.68  4.21751e-16
      5428.42  3.93644e-16
      5433.15  4.21856e-16
      5437.89  4.07339e-16
      5442.62  4.12485e-16
      5447.36  4.03554e-16
      5452.09  3.70548e-16
      5456.83  3.77051e-16
      5461.56  3.96526e-16
      5466.30  3.68668e-16
      5471.04  3.70397e-16
      5475.77  4.01746e-16
      5480.51  3.88872e-16
      5485.24  3.73945e-16
      5489.98  3.74715e-16
      5494.71  3.80349e-16
      5499.45  3.95271e-16
      5504.18  3.98061e-16
      5508.92  3.89050e-16
      5513.65  3.87115e-16
      5518.39  3.92626e-16
      5523.12  3.74726e-16
      5527.86  3.51302e-16
      5532.59  3.82486e-16
      5537.33  4.14888e-16
      5542.07  4.34928e-16
      5546.80  4.15963e-16
      5551.54  3.92635e-16
      5556.27  3.82043e-16
      5561.01  3.89798e-16
      5565.74  3.78771e-16
      5570.48  3.72382e-16
      5575.21  3.91902e-16
      5579.95  3.65955e-16
      5584.68  3.59936e-16
      5589.42  3.55566e-16
      5594.15  3.47349e-16
      5598.89  3.56753e-16
      5603.62  3.77684e-16
      5608.36  3.79796e-16
      5613.10  3.65615e-16
      5617.83  3.57677e-16
      5622.57  3.45212e-16
      5627.30  3.47688e-16
      5632.04  3.55740e-16
      5636.77  3.42726e-16
      5641.51  3.65309e-16
      5646.24  4.04359e-16
      5650.98  3.85466e-16
      5655.71  3.61340e-16
      5660.45  3.72645e-16
      5665.18  3.71773e-16
      5669.92  3.74120e-16
      5674.65  3.66490e-16
      5679.39  3.59675e-16
      5684.12  3.58981e-16
      5688.86  3.90858e-16
      5693.60  3.92130e-16
      5698.33  3.86265e-16
      5703.07  3.40494e-16
      5707.80  3.49979e-16
      5712.54  3.98076e-16
      5717.27  4.13157e-16
      5722.01  3.62738e-16
      5726.74  3.45630e-16
      5731.48  3.69878e-16
      5736.21  3.68123e-16
      5740.95  3.63610e-16
      5745.68  3.73718e-16
      5750.42  3.62353e-16
      5755.15  3.43889e-16
      5759.89  3.48038e-16
      5764.63  3.59976e-16
      5769.36  3.53244e-16
      5774.10  3.33268e-16
      5778.83  3.50407e-16
      5783.57  3.33948e-16
      5788.30  3.62782e-16
      5793.04  3.78095e-16
      5797.77  3.42552e-16
      5802.51  3.24073e-16
      5807.24  3.36236e-16
      5811.98  3.58406e-16
      5816.71  3.56308e-16
      5821.45  3.43209e-16
      5826.19  3.47342e-16
      5830.92  3.71711e-16
      5835.66  3.56684e-16
      5840.39  3.28092e-16
      5845.13  3.34818e-16
      5849.86  3.60764e-16
      5854.60  3.65350e-16
      5859.33  3.66151e-16
      5864.07  3.74551e-16
      5868.80  3.62624e-16
      5873.54  3.35624e-16
      5878.27  3.15440e-16
      5883.01  3.24782e-16
      5887.74  3.25104e-16
      5892.48  3.32178e-16
      5897.21  3.39573e-16
      5901.95  3.45464e-16
      5906.69  3.50165e-16
      5911.42  3.56889e-16
      5916.16  3.48590e-16
      5920.89  3.49594e-16
      5925.63  3.49603e-16
      5930.36  3.52373e-16
      5935.10  3.42054e-16
      5939.83  3.17518e-16
      5944.57  3.09845e-16
      5949.30  3.17116e-16
      5954.04  3.48190e-16
      5958.77  3.77281e-16
      5963.51  3.60677e-16
      5968.25  3.62912e-16
      5972.98  3.86625e-16
      5977.72  3.49037e-16
      5982.45  3.24126e-16
      5987.19  3.53734e-16
      5991.92  3.76831e-16
      5996.66  3.93755e-16
      6001.39  3.87111e-16
      6006.13  3.70351e-16
      6010.86  3.62088e-16
      6015.60  3.95509e-16
      6020.33  3.81327e-16
      6025.07  3.59966e-16
      6029.80  3.49835e-16
      6034.54  3.47085e-16
      6039.27  3.48987e-16
      6044.01  3.51333e-16
      6048.75  3.51807e-16
      6053.48  3.47395e-16
      6058.22  3.50473e-16
      6062.95  3.50524e-16
      6067.69  3.32339e-16
      6072.42  3.17949e-16
      6077.16  3.20488e-16
      6081.89  3.37707e-16
      6086.63  3.47805e-16
      6091.36  3.41060e-16
      6096.10  3.29722e-16
      6100.83  3.08750e-16
      6105.57  2.91467e-16
      6110.31  2.90760e-16
      6115.04  2.98062e-16
      6119.78  2.82796e-16
      6124.51  2.88141e-16
      6129.25  2.90184e-16
      6133.98  2.68869e-16
      6138.72  2.50451e-16
      6143.45  2.59353e-16
      6148.19  2.68572e-16
      6152.92  2.55422e-16
      6157.66  2.59587e-16
      6162.39  2.83427e-16
      6167.13  2.84903e-16
      6171.86  2.68874e-16
      6176.60  2.60727e-16
      6181.33  2.60851e-16
      6186.07  2.73455e-16
      6190.81  2.71905e-16
      6195.54  2.69317e-16
      6200.28  2.56264e-16
      6205.01  2.47546e-16
      6209.75  2.61182e-16
      6214.48  2.80117e-16
      6219.22  2.86542e-16
      6223.95  2.66055e-16
      6228.69  2.72342e-16
      6233.42  2.85285e-16
      6238.16  2.77329e-16
      6242.89  2.74635e-16
      6247.63  2.73468e-16
      6252.36  2.80242e-16
      6257.10  2.82390e-16
      6261.83  2.94501e-16
      6266.57  2.98608e-16
      6271.31  2.89337e-16
      6276.04  2.94945e-16
      6280.78  2.94200e-16
      6285.51  2.87146e-16
      6290.25  2.89943e-16
      6294.98  3.03089e-16
      6299.72  3.04175e-16
      6304.45  3.05771e-16
      6309.19  3.01131e-16
      6313.92  2.92959e-16
      6318.66  3.02622e-16
      6323.39  2.93492e-16
      6328.13  2.74051e-16
      6332.87  2.79605e-16
      6337.60  2.76914e-16
      6342.34  2.88944e-16
      6347.07  3.05640e-16
      6351.81  2.96510e-16
      6356.54  3.01543e-16
      6361.28  3.07509e-16
      6366.01  3.32960e-16
      6370.75  3.12305e-16
      6375.48  2.91598e-16
      6380.22  2.99044e-16
      6384.95  2.96851e-16
      6389.69  3.02822e-16
      6394.42  2.82911e-16
      6399.16  2.65238e-16
      6403.90  2.90026e-16
      6408.63  3.05426e-16
      6413.37  3.06609e-16
      6418.10  3.09566e-16
      6422.84  3.12238e-16
      6427.57  3.28579e-16
      6432.31  3.22486e-16
      6437.04  3.03401e-16
      6441.78  2.97984e-16
      6446.51  2.97427e-16
      6451.25  2.91206e-16
      6455.98  2.76967e-16
      6460.72  2.82355e-16
      6465.45  2.81730e-16
      6470.19  2.83239e-16
      6474.93  2.97754e-16
      6479.66  3.05527e-16
      6484.40  3.09636e-16
      6489.13  3.04380e-16
      6493.87  3.01339e-16
      6498.60  2.99074e-16
      6503.34  2.60937e-16
      6508.07  2.68509e-16
      6512.81  2.97038e-16
      6517.54  2.80021e-16
      6522.28  2.85790e-16
      6527.01  2.71940e-16
      6531.75  2.74461e-16
      6536.48  2.97571e-16
      6541.22  2.95871e-16
      6545.96  2.68334e-16
      6550.69  2.73386e-16
      6555.43  2.90047e-16
      6560.16  2.72563e-16
      6564.90  2.71018e-16
      6569.63  2.80071e-16
      6574.37  2.58977e-16
      6579.10  2.56147e-16
      6583.84  2.59619e-16
      6588.57  2.68319e-16
      6593.31  2.61405e-16
      6598.04  2.54598e-16
      6602.78  2.55309e-16
      6607.51  2.63572e-16
      6612.25  2.60174e-16
      6616.98  3.76798e-16
      6621.72  4.34418e-16
      6626.46  3.49022e-16
      6631.19  2.79637e-16
      6635.93  2.80896e-16
      6640.66  2.89930e-16
      6645.40  2.77971e-16
      6650.13  2.58477e-16
      6654.87  2.34016e-16
      6659.60  2.38713e-16
      6664.34  2.55804e-16
      6669.07  2.47285e-16
      6673.81  2.46487e-16
      6678.54  2.43834e-16
      6683.28  2.60057e-16
      6688.02  2.70493e-16
      6692.75  2.53877e-16
      6697.49  2.31243e-16
      6702.22  2.24450e-16
      6706.96  2.41783e-16
      6711.69  2.48180e-16
      6716.43  2.36875e-16
      6721.16  2.39795e-16
      6725.90  2.51461e-16
      6730.63  2.54687e-16
      6735.37  2.29006e-16
      6740.10  2.23042e-16
      6744.84  2.52205e-16
      6749.57  2.38074e-16
      6754.31  2.17371e-16
      6759.04  2.36032e-16
      6763.78  2.36606e-16
      6768.52  2.45106e-16
      6773.25  2.62055e-16
      6777.99  2.72691e-16
      6782.72  2.64745e-16
      6787.46  2.51176e-16
      6792.19  2.49164e-16
      6796.93  2.30759e-16
      6801.66  2.20246e-16
      6806.40  2.27731e-16
      6811.13  2.25938e-16
      6815.87  2.17073e-16
      6820.60  2.15675e-16
      6825.34  2.13016e-16
      6830.08  2.15030e-16
      6834.81  2.28894e-16
      6839.55  2.24616e-16
      6844.28  2.11895e-16
      6849.02  2.16088e-16
      6853.75  2.15925e-16
      6858.49  2.00968e-16
      6863.22  2.10917e-16
      6867.96  2.33810e-16
      6872.69  2.24960e-16
      6877.43  2.26228e-16
      6882.16  2.22477e-16
      6886.90  2.00099e-16
      6891.63  2.08159e-16
      6896.37  2.33063e-16
      6901.10  2.35225e-16
      6905.84  2.41702e-16
      6910.58  2.22275e-16
      6915.31  2.00061e-16
      6920.05  2.09096e-16
      6924.78  2.13792e-16
      6929.52  2.02468e-16
      6934.25  2.00649e-16
      6938.99  2.13761e-16
      6943.72  2.21311e-16
      6948.46  2.08282e-16
      6953.19  2.06131e-16
      6957.93  2.08265e-16
      6962.66  2.15703e-16
      6967.40  2.06057e-16
      6972.13  1.95303e-16
      6976.87  2.18468e-16
      6981.60  2.13326e-16
      6986.34  1.84735e-16
      6991.08  1.94133e-16
      6995.81  1.98789e-16
      7000.55  1.77176e-16
      7005.28  1.68513e-16
      7010.02  1.68194e-16
      7014.75  1.95492e-16
      7019.49  2.16975e-16
      7024.22  2.09879e-16
      7028.96  2.00137e-16
      7033.69  1.75609e-16
      7038.43  1.79009e-16
      7043.16  2.01888e-16
      7047.90  2.00602e-16
      7052.64  1.83477e-16
      7057.37  1.71688e-16
      7062.11  1.68153e-16
      7066.84  1.77292e-16
      7071.58  1.99019e-16
      7076.31  2.17198e-16
      7081.05  2.17770e-16
      7085.78  2.08883e-16
      7090.52  2.00731e-16
      7095.25  1.91774e-16
      7099.99  1.70083e-16
      7104.72  1.77864e-16
      7109.46  1.79283e-16
      7114.19  1.80602e-16
      7118.93  1.83235e-16
      7123.67  1.74404e-16
      7128.40  1.77340e-16
      7133.14  1.89754e-16
      7137.87  1.86621e-16
      7142.61  1.76902e-16
      7147.34  1.68668e-16
      7152.08  1.74972e-16
      7156.81  2.09902e-16
      7161.55  2.04500e-16
      7166.28  1.80552e-16
      7171.02  1.77233e-16
      7175.75  1.76432e-16
      7180.49  1.71436e-16
      7185.22  1.75768e-16
      7189.96  2.00698e-16
      7194.70  2.07237e-16
      7199.43  1.88587e-16
      7204.17  1.89567e-16
      7208.90  1.96704e-16
      7213.64  1.90860e-16
      7218.37  1.89412e-16
      7223.11  1.86368e-16
      7227.84  1.72652e-16
      7232.58  1.74676e-16
      7237.31  1.84561e-16
      7242.05  1.82125e-16
      7246.78  1.76820e-16
      7251.52  1.79769e-16
      7256.25  1.65064e-16
      7260.99  1.68448e-16
      7265.73  1.83678e-16
      7270.46  1.65987e-16
      7275.20  1.71509e-16
      7279.93  1.80842e-16
      7284.67  1.66014e-16
      7289.40  1.66809e-16
      7294.14  1.62946e-16
      7298.87  1.63500e-16
      7303.61  1.58089e-16
      7308.34  1.66275e-16
      7313.08  1.71002e-16
      7317.81  1.74663e-16
      7322.55  1.81597e-16
      7327.28  1.68841e-16
      7332.02  1.56208e-16
      7336.76  1.61615e-16
      7341.49  1.56794e-16
      7346.23  1.57412e-16
      7350.96  1.71546e-16
      7355.70  1.65364e-16
      7360.43  1.56263e-16
      7365.17  1.58251e-16
      7369.90  1.79987e-16
      7374.64  1.79088e-16
      7379.37  1.71493e-16
      7384.11  1.62282e-16
      7388.84  1.64075e-16
      7393.58  1.79215e-16
      7398.31  1.76976e-16
      7403.05  1.64263e-16
      7407.78  1.31950e-16
      7412.52  1.10173e-16
      7417.26  1.07616e-16
      7421.99  1.07610e-16
      7426.73  1.00033e-16
      7431.46  1.13293e-16
      7436.20  1.48349e-16
      7440.93  1.41327e-16
      7445.67  1.17248e-16
      7450.40  1.30266e-16
      7455.14  1.39853e-16
      7459.87  1.38021e-16
      7464.61  1.36806e-16
      7469.34  1.22607e-16
      7474.08  1.48188e-16
      7478.81  1.48758e-16
      7483.55  1.46273e-16
      7488.29  1.48997e-16
      7493.02  1.61512e-16
      7497.76  1.61895e-16
      7502.49  1.52470e-16
      7507.23  1.59542e-16
      7511.96  1.79924e-16
      7516.70  1.83038e-16
      7521.43  1.53963e-16
      7526.17  1.25539e-16
      7530.90  1.30665e-16
      7535.64  1.40829e-16
      7540.37  1.40749e-16
      7545.11  1.24036e-16
      7549.84  1.28328e-16
      7554.58  1.25352e-16
      7559.32  1.31377e-16
      7564.05  1.36733e-16
      7568.79  1.44111e-16
      7573.52  1.54974e-16
      7578.26  1.61904e-16
      7582.99  1.65004e-16
      7587.73  1.67408e-16
      7592.46  1.74604e-16
      7597.20  1.50172e-16
      7601.93  1.43759e-16
      7606.67  1.16795e-16
      7611.40  1.24787e-16
      7616.14  1.44410e-16
      7620.88  1.34455e-16
      7625.61  1.31167e-16
      7630.35  1.41299e-16
      7635.08  1.25333e-16
      7639.82  1.08835e-16
      7644.55  1.08698e-16
      7649.29  8.77729e-17
      7654.02  9.38826e-17
      7658.76  1.40501e-16
      7663.49  1.78053e-16
      7668.23  1.69653e-16
      7672.96  1.53912e-16
      7677.70  1.51819e-16
      7682.43  1.52025e-16
      7687.17  1.41368e-16
      7691.90  1.41794e-16
      7696.64  1.56925e-16
      7701.38  1.55790e-16
      7706.11  1.56933e-16
      7710.85  1.78643e-16
      7715.58  1.68109e-16
      7720.32  1.39433e-16
      7725.05  1.34881e-16
      7729.79  1.42869e-16
      7734.52  1.40284e-16
      7739.26  1.25241e-16
      7743.99  1.48411e-16
      7748.73  1.64484e-16
      7753.46  1.54955e-16
      7758.20  1.53177e-16
      7762.93  1.52920e-16
      7767.67  1.62097e-16
      7772.41  1.52031e-16
      7777.14  1.35067e-16
      7781.88  1.50954e-16
      7786.61  1.62566e-16
      7791.35  1.51416e-16
      7796.08  1.43819e-16
      7800.82  1.27716e-16
      7805.55  1.24011e-16
      7810.29  1.28924e-16
      7815.02  1.28234e-16
      7819.76  1.29445e-16
      7824.49  1.24375e-16
      7829.23  1.32771e-16
      7833.96  1.38952e-16
      7838.70  1.41554e-16
      7843.44  1.64049e-16
      7848.17  1.41571e-16
      7852.91  1.25412e-16
      7857.64  1.29241e-16
      7862.38  1.33470e-16
      7867.11  1.57152e-16
      7871.85  1.67542e-16
      7876.58  1.50820e-16
      7881.32  1.39451e-16
      7886.05  1.13115e-16
      7890.79  1.22714e-16
      7895.52  1.51770e-16
      7900.26  1.34573e-16
      7904.99  1.29616e-16
      7909.73  1.47983e-16
      7914.47  1.35919e-16
      7919.20  1.27667e-16
      7923.94  1.27139e-16
      7928.67  1.24288e-16
      7933.41  1.44346e-16
      7938.14  1.53307e-16
      7942.88  1.41665e-16
      7947.61  1.37500e-16
      7952.35  1.19974e-16
      7957.08  1.28479e-16
      7961.82  1.17419e-16
      7966.55  1.36898e-16
      7971.29  1.42659e-16
      7976.02  1.43486e-16
      7980.76  1.45135e-16
      7985.50  1.15090e-16
      7990.23  9.74126e-17
      7994.97  1.11208e-16
      7999.70  1.15379e-16
      8004.44  9.99633e-17
