      3970.45  9.66931e-16
      3975.25  9.68297e-16
      3980.05  9.66896e-16
      3984.85  9.61179e-16
      3989.65  9.65996e-16
      3994.45  8.66009e-16
      3999.25  8.16674e-16
      4004.05  7.38960e-16
      4008.85  6.83550e-16
      4013.65  8.11471e-16
      4018.46  8.84874e-16
      4023.26  8.44537e-16
      4028.06  8.31548e-16
      4032.86  8.11937e-16
      4037.66  8.16042e-16
      4042.46  8.59532e-16
      4047.26  9.01903e-16
      4052.06  9.82670e-16
      4056.86  9.96022e-16
      4061.67  9.44205e-16
      4066.47  1.00914e-15
      4071.27  1.09182e-15
      4076.07  1.09785e-15
      4080.87  1.06251e-15
      4085.67  1.01216e-15
      4090.47  1.02457e-15
      4095.27  1.05137e-15
      4100.07  1.05069e-15
      4104.87  1.04796e-15
      4109.68  1.04066e-15
      4114.48  1.03222e-15
      4119.28  1.01801e-15
      4124.08  9.99508e-16
      4128.88  9.83337e-16
      4133.68  9.77506e-16
      4138.48  9.68537e-16
      4143.28  9.54447e-16
      4148.08  9.62782e-16
      4152.88  9.75752e-16
      4157.69  9.66676e-16
      4162.49  9.28518e-16
      4167.29  8.93332e-16
      4172.09  8.75236e-16
      4176.89  8.84178e-16
      4181.69  9.02045e-16
      4186.49  9.07013e-16
      4191.29  9.07822e-16
      4196.09  8.85122e-16
      4200.89  8.69534e-16
      4205.70  9.00367e-16
      4210.50  9.02819e-16
      4215.30  8.88084e-16
      4220.10  8.92225e-16
      4224.90  8.68932e-16
      4229.70  8.29714e-16
      4234.50  7.83488e-16
      4239.30  7.58797e-16
      4244.10  7.49926e-16
      4248.90  7.27172e-16
      4253.71  6.93730e-16
      4258.51  6.85203e-16
      4263.31  6.52400e-16
      4268.11  6.28314e-16
      4272.91  6.32776e-16
      4277.71  6.06325e-16
      4282.51  5.93278e-16
      4287.31  5.97324e-16
      4292.11  5.57575e-16
      4296.91  5.10435e-16
      4301.72  5.07645e-16
      4306.52  5.49482e-16
      4311.32  5.19036e-16
      4316.12  4.45789e-16
      4320.92  4.58437e-16
      4325.72  4.55676e-16
      4330.52  4.67774e-16
      4335.32  5.51343e-16
      4340.12  5.58997e-16
      4344.92  5.46150e-16
      4349.73  5.79796e-16
      4354.53  5.80163e-16
      4359.33  5.62894e-16
      4364.13  5.63764e-16
      4368.93  5.61538e-16
      4373.73  5.72063e-16
      4378.53  5.87846e-16
      4383.33  5.89320e-16
      4388.13  5.80256e-16
      4392.94  5.95950e-16
      4397.74  6.07023e-16
      4402.54  6.16728e-16
      4407.34  6.44724e-16
      4412.14  6.38719e-16
      4416.94  6.16271e-16
      4421.74  6.27980e-16
      4426.54  6.39053e-16
      4431.34  6.59914e-16
      4436.14  6.51359e-16
      4440.95  6.09321e-16
      4445.75  5.95842e-16
      4450.55  6.00134e-16
      4455.35  5.20090e-16
      4460.15  3.52380e-16
      4464.95  4.87873e-16
      4469.75  6.38938e-16
      4474.55  5.93595e-16
      4479.35  6.03064e-16
      4484.15  6.47292e-16
      4488.96  6.65547e-16
      4493.76  6.67747e-16
      4498.56  6.73700e-16
      4503.36  6.79252e-16
      4508.16  6.96552e-16
      4512.96  7.19484e-16
      4517.76  7.28008e-16
      4522.56  7.27918e-16
      4527.36  7.46651e-16
      4532.17  7.60462e-16
      4536.97  7.64971e-16
      4541.77  7.56604e-16
      4546.57  7.75514e-16
      4551.37  8.02257e-16
      4556.17  7.87220e-16
      4560.97  7.64341e-16
      4565.77  7.75097e-16
      4570.57  7.60847e-16
      4575.37  7.52854e-16
      4580.18  7.62141e-16
      4584.98  7.54951e-16
      4589.78  7.51461e-16
      4594.58  7.55146e-16
      4599.38  7.45363e-16
      4604.18  7.35685e-16
      4608.98  7.59456e-16
      4613.78  7.65955e-16
      4618.58  7.50468e-16
      4623.38  7.35517e-16
      4628.19  7.08424e-16
      4632.99  7.12233e-16
      4637.79  7.33480e-16
      4642.59  7.25669e-16
      4647.39  7.06330e-16
      4652.19  6.80432e-16
      4656.99  6.52252e-16
      4661.79  6.23889e-16
      4666.59  6.10346e-16
      4671.40  6.10921e-16
      4676.20  6.05340e-16
      4681.00  5.98231e-16
      4685.80  6.11274e-16
      4690.60  6.18599e-16
      4695.40  5.90077e-16
      4700.20  5.70381e-16
      4705.00  5.81185e-16
      4709.80  6.11052e-16
      4714.60  6.10872e-16
      4719.41  5.89960e-16
      4724.21  5.84389e-16
      4729.01  5.88256e-16
      4733.81  5.89759e-16
      4738.61  5.74804e-16
      4743.41  5.60780e-16
      4748.21  5.63626e-16
      4753.01  5.50857e-16
      4757.81  5.53103e-16
      4762.61  5.62493e-16
      4767.42  5.55402e-16
      4772.22  5.50401e-16
      4777.02  5.55069e-16
      4781.82  5.52970e-16
      4786.62  5.47547e-16
      4791.42  5.53829e-16
      4796.22  5.82622e-16
      4801.02  6.01259e-16
      4805.82  5.64143e-16
      4810.62  5.51798e-16
      4815.42  5.83100e-16
      4820.23  5.72372e-16
      4825.03  5.53280e-16
      4829.83  5.46018e-16
      4834.63  5.40703e-16
      4839.43  5.46014e-16
      4844.23  5.27361e-16
      4849.03  5.05262e-16
      4853.83  4.89859e-16
      4858.63  4.71388e-16
      4863.44  4.74713e-16
      4868.24  4.88293e-16
      4873.04  4.74992e-16
      4877.84  4.54721e-16
      4882.64  4.59690e-16
      4887.44  4.72923e-16
      4892.24  4.69908e-16
      4897.04  4.65555e-16
      4901.84  4.65596e-16
      4906.64  4.58173e-16
      4911.45  4.57316e-16
      4916.25  4.69385e-16
      4921.05  4.72385e-16
      4925.85  4.62850e-16
      4930.65  4.56529e-16
      4935.45  4.82583e-16
      4940.25  5.10404e-16
      4945.05  4.82886e-16
      4949.85  4.51082e-16
      4954.65  4.48531e-16
      4959.46  4.58665e-16
      4964.26  4.63617e-16
      4969.06  4.60864e-16
      4973.86  4.65959e-16
      4978.66  4.85449e-16
      4983.46  4.79898e-16
      4988.26  4.76596e-16
      4993.06  4.81018e-16
      4997.86  4.84147e-16
      5002.67  4.93014e-16
      5007.47  4.90865e-16
      5012.27  4.84307e-16
      5017.07  4.88093e-16
      5021.87  5.00969e-16
      5026.67  5.07981e-16
      5031.47  5.17621e-16
      5036.27  5.37598e-16
      5041.07  5.40185e-16
      5045.87  5.32616e-16
      5050.68  5.29316e-16
      5055.48  5.40197e-16
      5060.28  5.45245e-16
      5065.08  5.36933e-16
      5069.88  5.36879e-16
      5074.68  5.37737e-16
      5079.48  5.57980e-16
      5084.28  5.81155e-16
      5089.08  5.68699e-16
      5093.88  5.61522e-16
      5098.69  5.69894e-16
      5103.49  5.71040e-16
      5108.29  5.73007e-16
      5113.09  5.87675e-16
      5117.89  5.92279e-16
      5122.69  5.83198e-16
      5127.49  5.84375e-16
      5132.29  5.79319e-16
      5137.09  5.72047e-16
      5141.90  5.97263e-16
      5146.70  5.98708e-16
      5151.50  5.91867e-16
      5156.30  5.88492e-16
      5161.10  5.76797e-16
      5165.90  5.75091e-16
      5170.70  5.81700e-16
      5175.50  5.95485e-16
      5180.30  6.00054e-16
      5185.10  5.92062e-16
      5189.91  5.77343e-16
      5194.71  5.70204e-16
      5199.51  5.92393e-16
      5204.31  6.03696e-16
      5209.11  5.87878e-16
      5213.91  5.87097e-16
      5218.71  6.02805e-16
      5223.51  6.03581e-16
      5228.31  5.92224e-16
      5233.11  5.94136e-16
      5237.92  5.76861e-16
      5242.72  5.62465e-16
      5247.52  5.49017e-16
      5252.32  5.26676e-16
      5257.12  5.16294e-16
      5261.92  5.12257e-16
      5266.72  5.01880e-16
      5271.52  4.91344e-16
      5276.32  4.77753e-16
      5281.12  4.77535e-16
      5285.93  4.89612e-16
      5290.73  4.73883e-16
      5295.53  4.48545e-16
      5300.33  4.28913e-16
      5305.13  4.16751e-16
      5309.93  4.26487e-16
      5314.73  4.37222e-16
      5319.53  4.46328e-16
      5324.33  4.66543e-16
      5329.13  4.76986e-16
      5333.94  4.74169e-16
      5338.74  4.61532e-16
      5343.54  4.44457e-16
      5348.34  4.44677e-16
      5353.14  4.50893e-16
      5357.94  4.59992e-16
      5362.74  4.65254e-16
      5367.54  4.57429e-16
      5372.34  4.69674e-16
      5377.14  4.94719e-16
      5381.95  4.93448e-16
      5386.75  4.96343e-16
      5391.55  4.85220e-16
      5396.35  4.75820e-16
      5401.15  4.98150e-16
      5405.95  4.82352e-16
      5410.75  4.29975e-16
      5415.55  4.27228e-16
      5420.35  4.48767e-16
      5425.15  4.42563e-16
      5429.96  4.67525e-16
      5434.76  4.83579e-16
      5439.56  4.78755e-16
      5444.36  4.81921e-16
      5449.16  4.73634e-16
      5453.96  4.60173e-16
      5458.76  4.60449e-16
      5463.56  4.68626e-16
      5468.36  4.58683e-16
      5473.17  4.51909e-16
      5477.97  4.39710e-16
      5482.77  4.37301e-16
      5487.57  4.36371e-16
      5492.37  4.22779e-16
      5497.17  4.36233e-16
      5501.97  4.53163e-16
      5506.77  4.52521e-16
      5511.57  4.54921e-16
      5516.37  4.68713e-16
      5521.18  3.87325e-16
      5525.98  3.06667e-16
      5530.78  4.44256e-16
      5535.58  5.27942e-16
      5540.38  4.73922e-16
      5545.18  4.83071e-16
      5549.98  5.12354e-16
      5554.78  5.09181e-16
      5559.58  5.27603e-16
      5564.38  5.43835e-16
      5569.19  5.35069e-16
      5573.99  5.34311e-16
      5578.79  5.42761e-16
      5583.59  5.37281e-16
      5588.39  5.21825e-16
      5593.19  5.16641e-16
      5597.99  5.11346e-16
      5602.79  5.21992e-16
      5607.59  5.27809e-16
      5612.40  5.33625e-16
      5617.20  5.31605e-16
      5622.00  5.20442e-16
      5626.80  5.09113e-16
      5631.60  4.96017e-16
      5636.40  5.08582e-16
      5641.20  5.28255e-16
      5646.00  5.26551e-16
      5650.80  5.15548e-16
      5655.60  5.17342e-16
      5660.41  5.28853e-16
      5665.21  5.40946e-16
      5670.01  5.52724e-16
      5674.81  5.27585e-16
      5679.61  4.93019e-16
      5684.41  5.15719e-16
      5689.21  5.37058e-16
      5694.01  5.26977e-16
      5698.81  5.29960e-16
      5703.61  5.26378e-16
      5708.42  5.10269e-16
      5713.22  4.95222e-16
      5718.02  5.02103e-16
      5722.82  5.13235e-16
      5727.62  5.17435e-16
      5732.42  5.07173e-16
      5737.22  4.81390e-16
      5742.02  4.79044e-16
      5746.82  4.87610e-16
      5751.62  4.71506e-16
      5756.43  4.48468e-16
      5761.23  4.51510e-16
      5766.03  4.66542e-16
      5770.83  4.65385e-16
      5775.63  4.62833e-16
      5780.43  4.58092e-16
      5785.23  4.43476e-16
      5790.03  4.42823e-16
      5794.83  4.45112e-16
      5799.63  4.36622e-16
      5804.44  4.37234e-16
      5809.24  4.42767e-16
      5814.04  4.40703e-16
      5818.84  4.62878e-16
      5823.64  4.88800e-16
      5828.44  4.84371e-16
      5833.24  4.35308e-16
      5838.04  4.51741e-16
      5842.84  4.87844e-16
      5847.65  4.36253e-16
      5852.45  4.02046e-16
      5857.25  4.41642e-16
      5862.05  4.64885e-16
      5866.85  4.48164e-16
      5871.65  4.41144e-16
      5876.45  4.40299e-16
      5881.25  4.60289e-16
      5886.05  4.66043e-16
      5890.85  4.52933e-16
      5895.66  4.70753e-16
      5900.46  4.69940e-16
      5905.26  4.51582e-16
      5910.06  4.60030e-16
      5914.86  4.71262e-16
      5919.66  4.56165e-16
      5924.46  4.85636e-16
      5929.26  5.26894e-16
      5934.06  5.12286e-16
      5938.86  4.89601e-16
      5943.67  4.91164e-16
      5948.47  4.88094e-16
      5953.27  4.85700e-16
      5958.07  4.88814e-16
      5962.87  4.87488e-16
      5967.67  4.97973e-16
      5972.47  5.13352e-16
      5977.27  5.12202e-16
      5982.07  4.83007e-16
      5986.87  4.63849e-16
      5991.68  4.61411e-16
      5996.48  4.52690e-16
      6001.28  4.61478e-16
      6006.08  4.71906e-16
      6010.88  4.70290e-16
      6015.68  4.60357e-16
      6020.48  4.34121e-16
      6025.28  4.22841e-16
      6030.08  4.25549e-16
      6034.88  4.09670e-16
      6039.69  3.94320e-16
      6044.49  3.94172e-16
      6049.29  3.89156e-16
      6054.09  3.68860e-16
      6058.89  3.56523e-16
      6063.69  3.71242e-16
      6068.49  3.58469e-16
      6073.29  3.60621e-16
      6078.09  3.51834e-16
      6082.90  3.10544e-16
      6087.70  3.05407e-16
      6092.50  3.11710e-16
      6097.30  3.22128e-16
      6102.10  3.27178e-16
      6106.90  3.09782e-16
      6111.70  2.90513e-16
      6116.50  2.92662e-16
      6121.30  3.09017e-16
      6126.10  3.30261e-16
      6130.91  3.19275e-16
      6135.71  3.11864e-16
      6140.51  3.25620e-16
      6145.31  3.22978e-16
      6150.11  3.12191e-16
      6154.91  3.16103e-16
      6159.71  3.23208e-16
      6164.51  3.16668e-16
      6169.31  3.11888e-16
      6174.12  3.11020e-16
      6178.92  3.14927e-16
      6183.72  3.33978e-16
      6188.52  3.44801e-16
      6193.32  3.33314e-16
      6198.12  3.22804e-16
      6202.92  3.34363e-16
      6207.72  3.51346e-16
      6212.52  3.54928e-16
      6217.32  3.49700e-16
      6222.12  3.43692e-16
      6226.93  3.38243e-16
      6231.73  3.51212e-16
      6236.53  3.61385e-16
      6241.33  3.42992e-16
      6246.13  3.66829e-16
      6250.93  4.04558e-16
      6255.73  3.90230e-16
      6260.53  3.77643e-16
      6265.33  3.92645e-16
      6270.13  4.08477e-16
      6274.94  4.18013e-16
      6279.74  4.22731e-16
      6284.54  4.30841e-16
      6289.34  4.40471e-16
      6294.14  4.35622e-16
      6298.94  4.33605e-16
      6303.74  4.38945e-16
      6308.54  4.38392e-16
      6313.34  4.37702e-16
      6318.15  4.34872e-16
      6322.95  4.46010e-16
      6327.75  4.59800e-16
      6332.55  4.77508e-16
      6337.35  4.80100e-16
      6342.15  4.75712e-16
      6346.95  4.85792e-16
      6351.75  4.76215e-16
      6356.55  4.68238e-16
      6361.35  4.80319e-16
      6366.16  4.90162e-16
      6370.96  4.83140e-16
      6375.76  4.71792e-16
      6380.56  4.86317e-16
      6385.36  4.83995e-16
      6390.16  4.78433e-16
      6394.96  4.94627e-16
      6399.76  4.96419e-16
      6404.56  4.87938e-16
      6409.36  4.76849e-16
      6414.17  4.78464e-16
      6418.97  4.67886e-16
      6423.77  4.53877e-16
      6428.57  4.68557e-16
      6433.37  4.65806e-16
      6438.17  4.61336e-16
      6442.97  4.70635e-16
      6447.77  4.58355e-16
      6452.57  4.59354e-16
      6457.38  4.54080e-16
      6462.18  4.58458e-16
      6466.98  4.65666e-16
      6471.78  4.63460e-16
      6476.58  4.65048e-16
      6481.38  4.50808e-16
      6486.18  4.36943e-16
      6490.98  4.35733e-16
      6495.78  4.50660e-16
      6500.58  4.58349e-16
      6505.39  4.41528e-16
      6510.19  4.33866e-16
      6514.99  4.32816e-16
      6519.79  4.33810e-16
      6524.59  4.43071e-16
      6529.39  4.37072e-16
      6534.19  4.25621e-16
      6538.99  4.39749e-16
      6543.79  4.41589e-16
      6548.59  4.32664e-16
      6553.40  4.31481e-16
      6558.20  4.13322e-16
      6563.00  3.99193e-16
      6567.80  4.04820e-16
      6572.60  4.17562e-16
      6577.40  4.25324e-16
      6582.20  4.21144e-16
      6587.00  4.17315e-16
      6591.80  4.15216e-16
      6596.60  4.16385e-16
      6601.41  4.19270e-16
      6606.21  4.09545e-16
      6611.01  4.09701e-16
      6615.81  4.05302e-16
      6620.61  3.97897e-16
      6625.41  4.05642e-16
      6630.21  4.11782e-16
      6635.01  4.01522e-16
      6639.81  3.98305e-16
      6644.62  4.04672e-16
      6649.42  4.09346e-16
      6654.22  4.15199e-16
      6659.02  4.45927e-16
      6663.82  5.40477e-16
      6668.62  6.45626e-16
      6673.42  6.81355e-16
      6678.22  6.17283e-16
      6683.02  4.89503e-16
      6687.82  4.63026e-16
      6692.63  5.13779e-16
      6697.43  5.13277e-16
      6702.23  4.44335e-16
      6707.03  3.81810e-16
      6711.83  3.74172e-16
      6716.63  3.82497e-16
      6721.43  3.84203e-16
      6726.23  3.88757e-16
      6731.03  3.89835e-16
      6735.83  3.83596e-16
      6740.64  3.75542e-16
      6745.44  3.70929e-16
      6750.24  3.72704e-16
      6755.04  3.67211e-16
      6759.84  3.70318e-16
      6764.64  3.70020e-16
      6769.44  3.61014e-16
      6774.24  3.44663e-16
      6779.04  3.35794e-16
      6783.84  3.47214e-16
      6788.65  3.55199e-16
      6793.45  3.66202e-16
      6798.25  3.72685e-16
      6803.05  3.54040e-16
      6807.85  3.40957e-16
      6812.65  3.12678e-16
      6817.45  2.79505e-16
      6822.25  3.03248e-16
      6827.05  3.49171e-16
      6831.85  3.64756e-16
      6836.66  3.53232e-16
      6841.46  3.46875e-16
      6846.26  3.46099e-16
      6851.06  3.40536e-16
      6855.86  3.23416e-16
      6860.66  3.21022e-16
      6865.46  3.37329e-16
      6870.26  3.31181e-16
      6875.06  3.23437e-16
      6879.86  3.35718e-16
      6884.67  3.38174e-16
      6889.47  3.20709e-16
      6894.27  3.30123e-16
      6899.07  3.26273e-16
      6903.87  3.24089e-16
      6908.67  3.40759e-16
      6913.47  3.44387e-16
      6918.27  3.40396e-16
      6923.07  3.39932e-16
      6927.88  3.37555e-16
      6932.68  3.32226e-16
      6937.48  3.37901e-16
      6942.28  3.42668e-16
      6947.08  3.27028e-16
      6951.88  3.20633e-16
      6956.68  3.25876e-16
      6961.48  3.23309e-16
      6966.28  3.27797e-16
      6971.08  3.42366e-16
      6975.89  3.49141e-16
      6980.69  3.46157e-16
      6985.49  3.34718e-16
      6990.29  3.26237e-16
      6995.09  3.24875e-16
      6999.89  3.37763e-16
      7004.69  3.47483e-16
      7009.49  3.40480e-16
      7014.29  3.49090e-16
      7019.09  3.44808e-16
      7023.90  3.29277e-16
      7028.70  3.19801e-16
      7033.50  3.27921e-16
      7038.30  3.33704e-16
      7043.10  3.34661e-16
      7047.90  3.35189e-16
      7052.70  3.39106e-16
      7057.50  3.39674e-16
      7062.30  3.28667e-16
      7067.10  3.22007e-16
      7071.91  3.21090e-16
      7076.71  3.18016e-16
      7081.51  3.25547e-16
      7086.31  3.42369e-16
      7091.11  3.38631e-16
      7095.91  3.27471e-16
      7100.71  3.27730e-16
      7105.51  3.19316e-16
      7110.31  2.96918e-16
      7115.12  2.74830e-16
      7119.92  2.70281e-16
      7124.72  2.78388e-16
      7129.52  2.81665e-16
      7134.32  2.75201e-16
      7139.12  2.70216e-16
      7143.92  2.71902e-16
      7148.72  2.74971e-16
      7153.52  2.90321e-16
      7158.32  3.07889e-16
      7163.13  3.14253e-16
      7167.93  3.20419e-16
      7172.73  2.90824e-16
      7177.53  2.59447e-16
      7182.33  2.71818e-16
      7187.13  2.58738e-16
      7191.93  2.47134e-16
      7196.73  2.53004e-16
      7201.53  2.47178e-16
      7206.33  2.55558e-16
      7211.14  2.75039e-16
      7215.94  2.96390e-16
      7220.74  3.10687e-16
      7225.54  3.05421e-16
      7230.34  2.76048e-16
      7235.14  2.66094e-16
      7239.94  2.86598e-16
      7244.74  2.77285e-16
      7249.54  2.53010e-16
      7254.35  2.58264e-16
      7259.15  2.72459e-16
      7263.95  2.83909e-16
      7268.75  2.81933e-16
      7273.55  2.72297e-16
      7278.35  2.94068e-16
      7283.15  3.35171e-16
      7287.95  3.44038e-16
      7292.75  2.95196e-16
      7297.55  2.54555e-16
      7302.35  2.19213e-16
      7307.16  2.18376e-16
      7311.96  2.43262e-16
      7316.76  2.59817e-16
      7321.56  2.73950e-16
      7326.36  2.96426e-16
      7331.16  3.10184e-16
      7335.96  3.06282e-16
      7340.76  3.09502e-16
      7345.56  3.12006e-16
      7350.37  3.02035e-16
      7355.17  2.97272e-16
      7359.97  2.86871e-16
      7364.77  2.80063e-16
      7369.57  3.03018e-16
      7374.37  3.18390e-16
      7379.17  3.01452e-16
      7383.97  2.77516e-16
      7388.77  2.78742e-16
      7393.57  2.92974e-16
      7398.38  2.95229e-16
      7403.18  2.88021e-16
      7407.98  2.85629e-16
      7412.78  2.96825e-16
      7417.58  3.07148e-16
      7422.38  3.02598e-16
      7427.18  2.99599e-16
      7431.98  3.03332e-16
      7436.78  3.02847e-16
      7441.58  2.91434e-16
      7446.39  2.71206e-16
      7451.19  2.50185e-16
      7455.99  2.45010e-16
      7460.79  2.47008e-16
      7465.59  2.51131e-16
      7470.39  2.62108e-16
      7475.19  2.69400e-16
      7479.99  2.68456e-16
      7484.79  2.62696e-16
      7489.59  2.59458e-16
      7494.40  2.57520e-16
      7499.20  2.49382e-16
      7504.00  2.61970e-16
      7508.80  2.76528e-16
      7513.60  2.95388e-16
      7518.40  3.04783e-16
      7523.20  2.85643e-16
      7528.00  2.48515e-16
      7532.80  1.96443e-16
      7537.60  1.28007e-16
      7542.41  8.45113e-17
      7547.21  9.19623e-17
      7552.01  1.10339e-16
      7556.81  1.29575e-16
      7561.61  1.46195e-16
      7566.41  1.50284e-16
      7571.21  1.47865e-16
      7576.01  1.50551e-16
      7580.81  1.66362e-16
      7585.62  1.83704e-16
      7590.42  2.01651e-16
      7595.22  2.20386e-16
      7600.02  2.34046e-16
      7604.82  2.39008e-16
      7609.62  2.39890e-16
      7614.42  2.47391e-16
      7619.22  2.56657e-16
      7624.02  2.64020e-16
      7628.82  2.72234e-16
      7633.63  2.63681e-16
      7638.43  2.49286e-16
      7643.23  2.37658e-16
      7648.03  2.54258e-16
      7652.83  2.97432e-16
      7657.63  3.43940e-16
      7662.43  3.45448e-16
      7667.23  3.15037e-16
      7672.03  2.79234e-16
      7676.83  2.38001e-16
      7681.64  1.96504e-16
      7686.44  1.77539e-16
      7691.24  2.09355e-16
      7696.04  2.37523e-16
      7700.84  2.49179e-16
      7705.64  2.59024e-16
      7710.44  2.55017e-16
      7715.24  2.65537e-16
      7720.04  2.69088e-16
      7724.85  2.80612e-16
      7729.65  2.85830e-16
      7734.45  2.71338e-16
      7739.25  2.55367e-16
      7744.05  2.30591e-16
      7748.85  2.54220e-16
      7753.65  3.16748e-16
      7758.45  3.12412e-16
      7763.25  2.82320e-16
      7768.05  2.77014e-16
      7772.85  2.74179e-16
      7777.66  2.69419e-16
      7782.46  2.93361e-16
      7787.26  2.93232e-16
      7792.06  2.48599e-16
      7796.86  2.55032e-16
      7801.66  2.82565e-16
      7806.46  2.93483e-16
      7811.26  2.74359e-16
      7816.06  2.27843e-16
      7820.87  2.08374e-16
      7825.67  2.22888e-16
      7830.47  2.28848e-16
      7835.27  2.09604e-16
      7840.07  2.13176e-16
      7844.87  2.31215e-16
      7849.67  2.66526e-16
      7854.47  2.84294e-16
      7859.27  3.09208e-16
      7864.07  3.25655e-16
      7868.88  2.87387e-16
      7873.68  2.44929e-16
      7878.48  2.30590e-16
      7883.28  2.31743e-16
      7888.08  2.24860e-16
      7892.88  2.10228e-16
      7897.68  2.10922e-16
      7902.48  2.21940e-16
      7907.28  2.30099e-16
      7912.08  2.15829e-16
      7916.89  1.85928e-16
      7921.69  1.95480e-16
      7926.49  2.85518e-16
      7931.29  2.93923e-16
      7936.09  2.66909e-16
      7940.89  2.85073e-16
